[double3(35.076400000000,0.000000000000,0.000000000000),double3(0.000000000000,35.076400000000,0.000000000000),double3(0.000000000000,0.000000000000,35.076400000000)]

double3(0.797040000000,0.226610000000,0.452960000000),
double3(0.778130000000,0.278130000000,0.471870000000),
double3(0.798660000000,0.253400000000,0.395860000000),
double3(0.781290000000,0.281290000000,0.381430000000),
double3(0.779380000000,0.328070000000,0.328070000000),
double3(0.757200000000,0.339100000000,0.339100000000),
double3(0.795640000000,0.295640000000,0.344340000000),
double3(0.765480000000,0.184410000000,0.484520000000),
double3(0.780800000000,0.179100000000,0.413000000000),
double3(0.750000000000,0.159390000000,0.409390000000),
double3(0.838200000000,0.338200000000,0.411800000000),
double3(0.789300000000,0.289300000000,0.460700000000),
double3(0.875000000000,0.354400000000,0.375000000000),
double3(0.759950000000,0.197940000000,0.490050000000),
double3(0.794900000000,0.181900000000,0.409000000000),
double3(0.777300000000,0.179400000000,0.378100000000),
double3(0.773390000000,0.047040000000,0.702960000000),
double3(0.721870000000,0.028130000000,0.721870000000),
double3(0.746600000000,0.048660000000,0.645860000000),
double3(0.718710000000,0.031290000000,0.631430000000),
double3(0.671930000000,0.029380000000,0.578070000000),
double3(0.660900000000,0.007200000000,0.589100000000),
double3(0.704360000000,0.045640000000,0.594340000000),
double3(0.815590000000,0.015480000000,0.734520000000),
double3(0.820900000000,0.030800000000,0.663000000000),
double3(0.840610000000,0.000000000000,0.659390000000),
double3(0.661800000000,0.088200000000,0.661800000000),
double3(0.710700000000,0.039300000000,0.710700000000),
double3(0.645600000000,0.125000000000,0.625000000000),
double3(0.802060000000,0.009950000000,0.740050000000),
double3(0.818100000000,0.044900000000,0.659000000000),
double3(0.820600000000,0.027300000000,0.628100000000),
double3(0.952960000000,0.023390000000,0.952960000000),
double3(0.971870000000,0.971870000000,0.971870000000),
double3(0.951340000000,0.996600000000,0.895860000000),
double3(0.968710000000,0.968710000000,0.881430000000),
double3(0.970620000000,0.921930000000,0.828070000000),
double3(0.992800000000,0.910900000000,0.839100000000),
double3(0.954360000000,0.954360000000,0.844340000000),
double3(0.984520000000,0.065590000000,0.984520000000),
double3(0.969200000000,0.070900000000,0.913000000000),
double3(0.000000000000,0.090610000000,0.909390000000),
double3(0.911800000000,0.911800000000,0.911800000000),
double3(0.960700000000,0.960700000000,0.960700000000),
double3(0.875000000000,0.895600000000,0.875000000000),
double3(0.990050000000,0.052060000000,0.990050000000),
double3(0.955100000000,0.068100000000,0.909000000000),
double3(0.972700000000,0.070600000000,0.878100000000),
double3(0.976610000000,0.202960000000,0.202960000000),
double3(0.028130000000,0.221870000000,0.221870000000),
double3(0.003400000000,0.201340000000,0.145860000000),
double3(0.031290000000,0.218710000000,0.131430000000),
double3(0.078070000000,0.220620000000,0.078070000000),
double3(0.089100000000,0.242800000000,0.089100000000),
double3(0.045640000000,0.204360000000,0.094340000000),
double3(0.934410000000,0.234520000000,0.234520000000),
double3(0.929100000000,0.219200000000,0.163000000000),
double3(0.909390000000,0.250000000000,0.159390000000),
double3(0.088200000000,0.161800000000,0.161800000000),
double3(0.039300000000,0.210700000000,0.210700000000),
double3(0.104400000000,0.125000000000,0.125000000000),
double3(0.947940000000,0.240050000000,0.240050000000),
double3(0.931900000000,0.205100000000,0.159000000000),
double3(0.929400000000,0.222700000000,0.128100000000),
double3(0.797040000000,0.023390000000,0.797040000000),
double3(0.778130000000,0.971870000000,0.778130000000),
double3(0.798660000000,0.996600000000,0.854140000000),
double3(0.781290000000,0.968710000000,0.868570000000),
double3(0.779380000000,0.921930000000,0.921930000000),
double3(0.757200000000,0.910900000000,0.910900000000),
double3(0.795640000000,0.954360000000,0.905660000000),
double3(0.765480000000,0.065590000000,0.765480000000),
double3(0.780800000000,0.070900000000,0.837000000000),
double3(0.750000000000,0.090610000000,0.840610000000),
double3(0.838200000000,0.911800000000,0.838200000000),
double3(0.789300000000,0.960700000000,0.789300000000),
double3(0.759950000000,0.052060000000,0.759950000000),
double3(0.794900000000,0.068100000000,0.841000000000),
double3(0.777300000000,0.070600000000,0.871900000000),
double3(0.976610000000,0.047040000000,0.047040000000),
double3(0.028130000000,0.028130000000,0.028130000000),
double3(0.003400000000,0.048660000000,0.104140000000),
double3(0.031290000000,0.031290000000,0.118570000000),
double3(0.078070000000,0.029380000000,0.171930000000),
double3(0.089100000000,0.007200000000,0.160900000000),
double3(0.045640000000,0.045640000000,0.155660000000),
double3(0.934410000000,0.015480000000,0.015480000000),
double3(0.929100000000,0.030800000000,0.087000000000),
double3(0.909390000000,0.000000000000,0.090610000000),
double3(0.088200000000,0.088200000000,0.088200000000),
double3(0.039300000000,0.039300000000,0.039300000000),
double3(0.947940000000,0.009950000000,0.009950000000),
double3(0.931900000000,0.044900000000,0.091000000000),
double3(0.929400000000,0.027300000000,0.121900000000),
double3(0.952960000000,0.226610000000,0.297040000000),
double3(0.971870000000,0.278130000000,0.278130000000),
double3(0.951340000000,0.253400000000,0.354140000000),
double3(0.968710000000,0.281290000000,0.368570000000),
double3(0.970620000000,0.328070000000,0.421930000000),
double3(0.992800000000,0.339100000000,0.410900000000),
double3(0.954360000000,0.295640000000,0.405660000000),
double3(0.984520000000,0.184410000000,0.265480000000),
double3(0.969200000000,0.179100000000,0.337000000000),
double3(0.000000000000,0.159390000000,0.340610000000),
double3(0.911800000000,0.338200000000,0.338200000000),
double3(0.960700000000,0.289300000000,0.289300000000),
double3(0.990050000000,0.197940000000,0.259950000000),
double3(0.955100000000,0.181900000000,0.341000000000),
double3(0.972700000000,0.179400000000,0.371900000000),
double3(0.773390000000,0.202960000000,0.547040000000),
double3(0.721870000000,0.221870000000,0.528130000000),
double3(0.746600000000,0.201340000000,0.604140000000),
double3(0.718710000000,0.218710000000,0.618570000000),
double3(0.671930000000,0.220620000000,0.671930000000),
double3(0.660900000000,0.242800000000,0.660900000000),
double3(0.704360000000,0.204360000000,0.655660000000),
double3(0.815590000000,0.234520000000,0.515480000000),
double3(0.820900000000,0.219200000000,0.587000000000),
double3(0.840610000000,0.250000000000,0.590610000000),
double3(0.661800000000,0.161800000000,0.588200000000),
double3(0.710700000000,0.210700000000,0.539300000000),
double3(0.802060000000,0.240050000000,0.509950000000),
double3(0.818100000000,0.205100000000,0.591000000000),
double3(0.820600000000,0.222700000000,0.621900000000),
double3(0.452960000000,0.797040000000,0.226610000000),
double3(0.471870000000,0.778130000000,0.278130000000),
double3(0.395860000000,0.798660000000,0.253400000000),
double3(0.381430000000,0.781290000000,0.281290000000),
double3(0.328070000000,0.779380000000,0.328070000000),
double3(0.339100000000,0.757200000000,0.339100000000),
double3(0.344340000000,0.795640000000,0.295640000000),
double3(0.484520000000,0.765480000000,0.184410000000),
double3(0.413000000000,0.780800000000,0.179100000000),
double3(0.409390000000,0.750000000000,0.159390000000),
double3(0.411800000000,0.838200000000,0.338200000000),
double3(0.460700000000,0.789300000000,0.289300000000),
double3(0.375000000000,0.875000000000,0.354400000000),
double3(0.490050000000,0.759950000000,0.197940000000),
double3(0.409000000000,0.794900000000,0.181900000000),
double3(0.378100000000,0.777300000000,0.179400000000),
double3(0.202960000000,0.702960000000,0.476610000000),
double3(0.221870000000,0.721870000000,0.528130000000),
double3(0.201340000000,0.645860000000,0.503400000000),
double3(0.218710000000,0.631430000000,0.531290000000),
double3(0.220620000000,0.578070000000,0.578070000000),
double3(0.242800000000,0.589100000000,0.589100000000),
double3(0.204360000000,0.594340000000,0.545640000000),
double3(0.234520000000,0.734520000000,0.434410000000),
double3(0.219200000000,0.663000000000,0.429100000000),
double3(0.250000000000,0.659390000000,0.409390000000),
double3(0.161800000000,0.661800000000,0.588200000000),
double3(0.210700000000,0.710700000000,0.539300000000),
double3(0.125000000000,0.625000000000,0.604400000000),
double3(0.240050000000,0.740050000000,0.447940000000),
double3(0.205100000000,0.659000000000,0.431900000000),
double3(0.222700000000,0.628100000000,0.429400000000),
double3(0.297040000000,0.452960000000,0.726610000000),
double3(0.278130000000,0.471870000000,0.778130000000),
double3(0.354140000000,0.451340000000,0.753400000000),
double3(0.368570000000,0.468710000000,0.781290000000),
double3(0.421930000000,0.470620000000,0.828070000000),
double3(0.410900000000,0.492800000000,0.839100000000),
double3(0.405660000000,0.454360000000,0.795640000000),
double3(0.265480000000,0.484520000000,0.684410000000),
double3(0.337000000000,0.469200000000,0.679100000000),
double3(0.340610000000,0.500000000000,0.659390000000),
double3(0.338200000000,0.411800000000,0.838200000000),
double3(0.289300000000,0.460700000000,0.789300000000),
double3(0.375000000000,0.375000000000,0.854400000000),
double3(0.259950000000,0.490050000000,0.697940000000),
double3(0.341000000000,0.455100000000,0.681900000000),
double3(0.371900000000,0.472700000000,0.679400000000),
double3(0.547040000000,0.547040000000,0.976610000000),
double3(0.528130000000,0.528130000000,0.028130000000),
double3(0.548660000000,0.604140000000,0.003400000000),
double3(0.531290000000,0.618570000000,0.031290000000),
double3(0.529380000000,0.671930000000,0.078070000000),
double3(0.507200000000,0.660900000000,0.089100000000),
double3(0.545640000000,0.655660000000,0.045640000000),
double3(0.515480000000,0.515480000000,0.934410000000),
double3(0.530800000000,0.587000000000,0.929100000000),
double3(0.500000000000,0.590610000000,0.909390000000),
double3(0.588200000000,0.588200000000,0.088200000000),
double3(0.539300000000,0.539300000000,0.039300000000),
double3(0.625000000000,0.625000000000,0.104400000000),
double3(0.509950000000,0.509950000000,0.947940000000),
double3(0.544900000000,0.591000000000,0.931900000000),
double3(0.527300000000,0.621900000000,0.929400000000),
double3(0.452960000000,0.452960000000,0.023390000000),
double3(0.471870000000,0.471870000000,0.971870000000),
double3(0.395860000000,0.451340000000,0.996600000000),
double3(0.381430000000,0.468710000000,0.968710000000),
double3(0.328070000000,0.470620000000,0.921930000000),
double3(0.339100000000,0.492800000000,0.910900000000),
double3(0.344340000000,0.454360000000,0.954360000000),
double3(0.484520000000,0.484520000000,0.065590000000),
double3(0.413000000000,0.469200000000,0.070900000000),
double3(0.409390000000,0.500000000000,0.090610000000),
double3(0.411800000000,0.411800000000,0.911800000000),
double3(0.460700000000,0.460700000000,0.960700000000),
double3(0.375000000000,0.375000000000,0.895600000000),
double3(0.490050000000,0.490050000000,0.052060000000),
double3(0.409000000000,0.455100000000,0.068100000000),
double3(0.378100000000,0.472700000000,0.070600000000),
double3(0.547040000000,0.702960000000,0.273390000000),
double3(0.528130000000,0.721870000000,0.221870000000),
double3(0.548660000000,0.645860000000,0.246600000000),
double3(0.531290000000,0.631430000000,0.218710000000),
double3(0.529380000000,0.578070000000,0.171930000000),
double3(0.507200000000,0.589100000000,0.160900000000),
double3(0.545640000000,0.594340000000,0.204360000000),
double3(0.515480000000,0.734520000000,0.315590000000),
double3(0.530800000000,0.663000000000,0.320900000000),
double3(0.500000000000,0.659390000000,0.340610000000),
double3(0.588200000000,0.661800000000,0.161800000000),
double3(0.539300000000,0.710700000000,0.210700000000),
double3(0.625000000000,0.625000000000,0.145600000000),
double3(0.509950000000,0.740050000000,0.302060000000),
double3(0.544900000000,0.659000000000,0.318100000000),
double3(0.527300000000,0.628100000000,0.320600000000),
double3(0.297040000000,0.797040000000,0.523390000000),
double3(0.278130000000,0.778130000000,0.471870000000),
double3(0.354140000000,0.798660000000,0.496600000000),
double3(0.368570000000,0.781290000000,0.468710000000),
double3(0.421930000000,0.779380000000,0.421930000000),
double3(0.410900000000,0.757200000000,0.410900000000),
double3(0.405660000000,0.795640000000,0.454360000000),
double3(0.265480000000,0.765480000000,0.565590000000),
double3(0.337000000000,0.780800000000,0.570900000000),
double3(0.340610000000,0.750000000000,0.590610000000),
double3(0.338200000000,0.838200000000,0.411800000000),
double3(0.289300000000,0.789300000000,0.460700000000),
double3(0.375000000000,0.875000000000,0.395600000000),
double3(0.259950000000,0.759950000000,0.552060000000),
double3(0.341000000000,0.794900000000,0.568100000000),
double3(0.371900000000,0.777300000000,0.570600000000),
double3(0.202960000000,0.547040000000,0.773390000000),
double3(0.221870000000,0.528130000000,0.721870000000),
double3(0.201340000000,0.604140000000,0.746600000000),
double3(0.218710000000,0.618570000000,0.718710000000),
double3(0.220620000000,0.671930000000,0.671930000000),
double3(0.242800000000,0.660900000000,0.660900000000),
double3(0.204360000000,0.655660000000,0.704360000000),
double3(0.234520000000,0.515480000000,0.815590000000),
double3(0.219200000000,0.587000000000,0.820900000000),
double3(0.250000000000,0.590610000000,0.840610000000),
double3(0.161800000000,0.588200000000,0.661800000000),
double3(0.210700000000,0.539300000000,0.710700000000),
double3(0.125000000000,0.625000000000,0.645600000000),
double3(0.240050000000,0.509950000000,0.802060000000),
double3(0.205100000000,0.591000000000,0.818100000000),
double3(0.222700000000,0.621900000000,0.820600000000),
double3(0.226610000000,0.452960000000,0.797040000000),
double3(0.253400000000,0.395860000000,0.798660000000),
double3(0.281290000000,0.381430000000,0.781290000000),
double3(0.328070000000,0.328070000000,0.779380000000),
double3(0.339100000000,0.339100000000,0.757200000000),
double3(0.295640000000,0.344340000000,0.795640000000),
double3(0.184410000000,0.484520000000,0.765480000000),
double3(0.179100000000,0.413000000000,0.780800000000),
double3(0.159390000000,0.409390000000,0.750000000000),
double3(0.354400000000,0.375000000000,0.875000000000),
double3(0.197940000000,0.490050000000,0.759950000000),
double3(0.181900000000,0.409000000000,0.794900000000),
double3(0.179400000000,0.378100000000,0.777300000000),
double3(0.726610000000,0.297040000000,0.452960000000),
double3(0.753400000000,0.354140000000,0.451340000000),
double3(0.781290000000,0.368570000000,0.468710000000),
double3(0.828070000000,0.421930000000,0.470620000000),
double3(0.839100000000,0.410900000000,0.492800000000),
double3(0.795640000000,0.405660000000,0.454360000000),
double3(0.684410000000,0.265480000000,0.484520000000),
double3(0.679100000000,0.337000000000,0.469200000000),
double3(0.659390000000,0.340610000000,0.500000000000),
double3(0.854400000000,0.375000000000,0.375000000000),
double3(0.697940000000,0.259950000000,0.490050000000),
double3(0.681900000000,0.341000000000,0.455100000000),
double3(0.679400000000,0.371900000000,0.472700000000),
double3(0.702960000000,0.976610000000,0.702960000000),
double3(0.645860000000,0.003400000000,0.701340000000),
double3(0.631430000000,0.031290000000,0.718710000000),
double3(0.578070000000,0.078070000000,0.720620000000),
double3(0.589100000000,0.089100000000,0.742800000000),
double3(0.594340000000,0.045640000000,0.704360000000),
double3(0.734520000000,0.934410000000,0.734520000000),
double3(0.663000000000,0.929100000000,0.719200000000),
double3(0.659390000000,0.909390000000,0.750000000000),
double3(0.625000000000,0.104400000000,0.625000000000),
double3(0.740050000000,0.947940000000,0.740050000000),
double3(0.659000000000,0.931900000000,0.705100000000),
double3(0.628100000000,0.929400000000,0.722700000000),
double3(0.023390000000,0.952960000000,0.952960000000),
double3(0.996600000000,0.895860000000,0.951340000000),
double3(0.968710000000,0.881430000000,0.968710000000),
double3(0.921930000000,0.828070000000,0.970620000000),
double3(0.910900000000,0.839100000000,0.992800000000),
double3(0.954360000000,0.844340000000,0.954360000000),
double3(0.065590000000,0.984520000000,0.984520000000),
double3(0.070900000000,0.913000000000,0.969200000000),
double3(0.090610000000,0.909390000000,0.000000000000),
double3(0.895600000000,0.875000000000,0.875000000000),
double3(0.052060000000,0.990050000000,0.990050000000),
double3(0.068100000000,0.909000000000,0.955100000000),
double3(0.070600000000,0.878100000000,0.972700000000),
double3(0.547040000000,0.273390000000,0.702960000000),
double3(0.528130000000,0.221870000000,0.721870000000),
double3(0.604140000000,0.246600000000,0.701340000000),
double3(0.618570000000,0.218710000000,0.718710000000),
double3(0.671930000000,0.171930000000,0.720620000000),
double3(0.660900000000,0.160900000000,0.742800000000),
double3(0.655660000000,0.204360000000,0.704360000000),
double3(0.515480000000,0.315590000000,0.734520000000),
double3(0.587000000000,0.320900000000,0.719200000000),
double3(0.590610000000,0.340610000000,0.750000000000),
double3(0.588200000000,0.161800000000,0.661800000000),
double3(0.539300000000,0.210700000000,0.710700000000),
double3(0.625000000000,0.145600000000,0.625000000000),
double3(0.509950000000,0.302060000000,0.740050000000),
double3(0.591000000000,0.318100000000,0.705100000000),
double3(0.621900000000,0.320600000000,0.722700000000),
double3(0.023390000000,0.797040000000,0.797040000000),
double3(0.971870000000,0.778130000000,0.778130000000),
double3(0.996600000000,0.854140000000,0.798660000000),
double3(0.968710000000,0.868570000000,0.781290000000),
double3(0.921930000000,0.921930000000,0.779380000000),
double3(0.910900000000,0.910900000000,0.757200000000),
double3(0.954360000000,0.905660000000,0.795640000000),
double3(0.065590000000,0.765480000000,0.765480000000),
double3(0.070900000000,0.837000000000,0.780800000000),
double3(0.090610000000,0.840610000000,0.750000000000),
double3(0.911800000000,0.838200000000,0.838200000000),
double3(0.960700000000,0.789300000000,0.789300000000),
double3(0.052060000000,0.759950000000,0.759950000000),
double3(0.068100000000,0.841000000000,0.794900000000),
double3(0.070600000000,0.871900000000,0.777300000000),
double3(0.702960000000,0.773390000000,0.047040000000),
double3(0.721870000000,0.721870000000,0.028130000000),
double3(0.645860000000,0.746600000000,0.048660000000),
double3(0.631430000000,0.718710000000,0.031290000000),
double3(0.578070000000,0.671930000000,0.029380000000),
double3(0.589100000000,0.660900000000,0.007200000000),
double3(0.594340000000,0.704360000000,0.045640000000),
double3(0.734520000000,0.815590000000,0.015480000000),
double3(0.663000000000,0.820900000000,0.030800000000),
double3(0.659390000000,0.840610000000,0.000000000000),
double3(0.661800000000,0.661800000000,0.088200000000),
double3(0.710700000000,0.710700000000,0.039300000000),
double3(0.625000000000,0.645600000000,0.125000000000),
double3(0.740050000000,0.802060000000,0.009950000000),
double3(0.659000000000,0.818100000000,0.044900000000),
double3(0.628100000000,0.820600000000,0.027300000000),
double3(0.047040000000,0.476610000000,0.547040000000),
double3(0.028130000000,0.528130000000,0.528130000000),
double3(0.104140000000,0.503400000000,0.548660000000),
double3(0.118570000000,0.531290000000,0.531290000000),
double3(0.171930000000,0.578070000000,0.529380000000),
double3(0.160900000000,0.589100000000,0.507200000000),
double3(0.155660000000,0.545640000000,0.545640000000),
double3(0.015480000000,0.434410000000,0.515480000000),
double3(0.087000000000,0.429100000000,0.530800000000),
double3(0.090610000000,0.409390000000,0.500000000000),
double3(0.088200000000,0.588200000000,0.588200000000),
double3(0.039300000000,0.539300000000,0.539300000000),
double3(0.125000000000,0.604400000000,0.625000000000),
double3(0.009950000000,0.447940000000,0.509950000000),
double3(0.091000000000,0.431900000000,0.544900000000),
double3(0.121900000000,0.429400000000,0.527300000000),
double3(0.202960000000,0.773390000000,0.547040000000),
double3(0.201340000000,0.746600000000,0.604140000000),
double3(0.218710000000,0.718710000000,0.618570000000),
double3(0.204360000000,0.704360000000,0.655660000000),
double3(0.234520000000,0.815590000000,0.515480000000),
double3(0.219200000000,0.820900000000,0.587000000000),
double3(0.250000000000,0.840610000000,0.590610000000),
double3(0.125000000000,0.645600000000,0.625000000000),
double3(0.240050000000,0.802060000000,0.509950000000),
double3(0.205100000000,0.818100000000,0.591000000000),
double3(0.222700000000,0.820600000000,0.621900000000),
double3(0.226610000000,0.952960000000,0.297040000000),
double3(0.278130000000,0.971870000000,0.278130000000),
double3(0.253400000000,0.951340000000,0.354140000000),
double3(0.281290000000,0.968710000000,0.368570000000),
double3(0.328070000000,0.970620000000,0.421930000000),
double3(0.339100000000,0.992800000000,0.410900000000),
double3(0.295640000000,0.954360000000,0.405660000000),
double3(0.184410000000,0.984520000000,0.265480000000),
double3(0.179100000000,0.969200000000,0.337000000000),
double3(0.159390000000,0.000000000000,0.340610000000),
double3(0.338200000000,0.911800000000,0.338200000000),
double3(0.289300000000,0.960700000000,0.289300000000),
double3(0.354400000000,0.875000000000,0.375000000000),
double3(0.197940000000,0.990050000000,0.259950000000),
double3(0.181900000000,0.955100000000,0.341000000000),
double3(0.179400000000,0.972700000000,0.371900000000),
double3(0.047040000000,0.976610000000,0.047040000000),
double3(0.048660000000,0.003400000000,0.104140000000),
double3(0.029380000000,0.078070000000,0.171930000000),
double3(0.007200000000,0.089100000000,0.160900000000),
double3(0.015480000000,0.934410000000,0.015480000000),
double3(0.030800000000,0.929100000000,0.087000000000),
double3(0.000000000000,0.909390000000,0.090610000000),
double3(0.125000000000,0.104400000000,0.125000000000),
double3(0.009950000000,0.947940000000,0.009950000000),
double3(0.044900000000,0.931900000000,0.091000000000),
double3(0.027300000000,0.929400000000,0.121900000000),
double3(0.996600000000,0.798660000000,0.854140000000),
double3(0.968710000000,0.781290000000,0.868570000000),
double3(0.921930000000,0.779380000000,0.921930000000),
double3(0.910900000000,0.757200000000,0.910900000000),
double3(0.954360000000,0.795640000000,0.905660000000),
double3(0.070900000000,0.780800000000,0.837000000000),
double3(0.090610000000,0.750000000000,0.840610000000),
double3(0.068100000000,0.794900000000,0.841000000000),
double3(0.070600000000,0.777300000000,0.871900000000),
double3(0.202960000000,0.976610000000,0.202960000000),
double3(0.221870000000,0.028130000000,0.221870000000),
double3(0.201340000000,0.003400000000,0.145860000000),
double3(0.218710000000,0.031290000000,0.131430000000),
double3(0.220620000000,0.078070000000,0.078070000000),
double3(0.242800000000,0.089100000000,0.089100000000),
double3(0.204360000000,0.045640000000,0.094340000000),
double3(0.234520000000,0.934410000000,0.234520000000),
double3(0.219200000000,0.929100000000,0.163000000000),
double3(0.250000000000,0.909390000000,0.159390000000),
double3(0.161800000000,0.088200000000,0.161800000000),
double3(0.210700000000,0.039300000000,0.210700000000),
double3(0.240050000000,0.947940000000,0.240050000000),
double3(0.205100000000,0.931900000000,0.159000000000),
double3(0.222700000000,0.929400000000,0.128100000000),
double3(0.996600000000,0.951340000000,0.895860000000),
double3(0.921930000000,0.970620000000,0.828070000000),
double3(0.910900000000,0.992800000000,0.839100000000),
double3(0.070900000000,0.969200000000,0.913000000000),
double3(0.090610000000,0.000000000000,0.909390000000),
double3(0.068100000000,0.955100000000,0.909000000000),
double3(0.070600000000,0.972700000000,0.878100000000),
double3(0.047040000000,0.773390000000,0.702960000000),
double3(0.028130000000,0.721870000000,0.721870000000),
double3(0.048660000000,0.746600000000,0.645860000000),
double3(0.031290000000,0.718710000000,0.631430000000),
double3(0.029380000000,0.671930000000,0.578070000000),
double3(0.007200000000,0.660900000000,0.589100000000),
double3(0.045640000000,0.704360000000,0.594340000000),
double3(0.015480000000,0.815590000000,0.734520000000),
double3(0.030800000000,0.820900000000,0.663000000000),
double3(0.000000000000,0.840610000000,0.659390000000),
double3(0.088200000000,0.661800000000,0.661800000000),
double3(0.039300000000,0.710700000000,0.710700000000),
double3(0.009950000000,0.802060000000,0.740050000000),
double3(0.044900000000,0.818100000000,0.659000000000),
double3(0.027300000000,0.820600000000,0.628100000000),
double3(0.226610000000,0.797040000000,0.452960000000),
double3(0.253400000000,0.798660000000,0.395860000000),
double3(0.281290000000,0.781290000000,0.381430000000),
double3(0.295640000000,0.795640000000,0.344340000000),
double3(0.184410000000,0.765480000000,0.484520000000),
double3(0.179100000000,0.780800000000,0.413000000000),
double3(0.159390000000,0.750000000000,0.409390000000),
double3(0.197940000000,0.759950000000,0.490050000000),
double3(0.181900000000,0.794900000000,0.409000000000),
double3(0.179400000000,0.777300000000,0.378100000000),
double3(0.547040000000,0.202960000000,0.773390000000),
double3(0.604140000000,0.201340000000,0.746600000000),
double3(0.515480000000,0.234520000000,0.815590000000),
double3(0.587000000000,0.219200000000,0.820900000000),
double3(0.590610000000,0.250000000000,0.840610000000),
double3(0.625000000000,0.125000000000,0.645600000000),
double3(0.509950000000,0.240050000000,0.802060000000),
double3(0.591000000000,0.205100000000,0.818100000000),
double3(0.621900000000,0.222700000000,0.820600000000),
double3(0.797040000000,0.297040000000,0.523390000000),
double3(0.798660000000,0.354140000000,0.496600000000),
double3(0.779380000000,0.421930000000,0.421930000000),
double3(0.757200000000,0.410900000000,0.410900000000),
double3(0.765480000000,0.265480000000,0.565590000000),
double3(0.780800000000,0.337000000000,0.570900000000),
double3(0.750000000000,0.340610000000,0.590610000000),
double3(0.875000000000,0.375000000000,0.395600000000),
double3(0.759950000000,0.259950000000,0.552060000000),
double3(0.794900000000,0.341000000000,0.568100000000),
double3(0.777300000000,0.371900000000,0.570600000000),
double3(0.702960000000,0.547040000000,0.273390000000),
double3(0.721870000000,0.528130000000,0.221870000000),
double3(0.645860000000,0.548660000000,0.246600000000),
double3(0.631430000000,0.531290000000,0.218710000000),
double3(0.578070000000,0.529380000000,0.171930000000),
double3(0.589100000000,0.507200000000,0.160900000000),
double3(0.594340000000,0.545640000000,0.204360000000),
double3(0.734520000000,0.515480000000,0.315590000000),
double3(0.663000000000,0.530800000000,0.320900000000),
double3(0.659390000000,0.500000000000,0.340610000000),
double3(0.661800000000,0.588200000000,0.161800000000),
double3(0.710700000000,0.539300000000,0.210700000000),
double3(0.740050000000,0.509950000000,0.302060000000),
double3(0.659000000000,0.544900000000,0.318100000000),
double3(0.628100000000,0.527300000000,0.320600000000),
double3(0.451340000000,0.395860000000,0.996600000000),
double3(0.468710000000,0.381430000000,0.968710000000),
double3(0.470620000000,0.328070000000,0.921930000000),
double3(0.492800000000,0.339100000000,0.910900000000),
double3(0.454360000000,0.344340000000,0.954360000000),
double3(0.469200000000,0.413000000000,0.070900000000),
double3(0.500000000000,0.409390000000,0.090610000000),
double3(0.455100000000,0.409000000000,0.068100000000),
double3(0.472700000000,0.378100000000,0.070600000000),
double3(0.604140000000,0.548660000000,0.003400000000),
double3(0.618570000000,0.531290000000,0.031290000000),
double3(0.671930000000,0.529380000000,0.078070000000),
double3(0.660900000000,0.507200000000,0.089100000000),
double3(0.655660000000,0.545640000000,0.045640000000),
double3(0.587000000000,0.530800000000,0.929100000000),
double3(0.590610000000,0.500000000000,0.909390000000),
double3(0.591000000000,0.544900000000,0.931900000000),
double3(0.621900000000,0.527300000000,0.929400000000),
double3(0.452960000000,0.297040000000,0.726610000000),
double3(0.471870000000,0.278130000000,0.778130000000),
double3(0.451340000000,0.354140000000,0.753400000000),
double3(0.468710000000,0.368570000000,0.781290000000),
double3(0.470620000000,0.421930000000,0.828070000000),
double3(0.492800000000,0.410900000000,0.839100000000),
double3(0.454360000000,0.405660000000,0.795640000000),
double3(0.484520000000,0.265480000000,0.684410000000),
double3(0.469200000000,0.337000000000,0.679100000000),
double3(0.500000000000,0.340610000000,0.659390000000),
double3(0.411800000000,0.338200000000,0.838200000000),
double3(0.460700000000,0.289300000000,0.789300000000),
double3(0.490050000000,0.259950000000,0.697940000000),
double3(0.455100000000,0.341000000000,0.681900000000),
double3(0.472700000000,0.371900000000,0.679400000000),
double3(0.702960000000,0.202960000000,0.476610000000),
double3(0.645860000000,0.201340000000,0.503400000000),
double3(0.631430000000,0.218710000000,0.531290000000),
double3(0.578070000000,0.220620000000,0.578070000000),
double3(0.589100000000,0.242800000000,0.589100000000),
double3(0.594340000000,0.204360000000,0.545640000000),
double3(0.734520000000,0.234520000000,0.434410000000),
double3(0.663000000000,0.219200000000,0.429100000000),
double3(0.659390000000,0.250000000000,0.409390000000),
double3(0.625000000000,0.125000000000,0.604400000000),
double3(0.740050000000,0.240050000000,0.447940000000),
double3(0.659000000000,0.205100000000,0.431900000000),
double3(0.628100000000,0.222700000000,0.429400000000),
double3(0.797040000000,0.452960000000,0.226610000000),
double3(0.778130000000,0.471870000000,0.278130000000),
double3(0.798660000000,0.395860000000,0.253400000000),
double3(0.781290000000,0.381430000000,0.281290000000),
double3(0.795640000000,0.344340000000,0.295640000000),
double3(0.765480000000,0.484520000000,0.184410000000),
double3(0.780800000000,0.413000000000,0.179100000000),
double3(0.750000000000,0.409390000000,0.159390000000),
double3(0.838200000000,0.411800000000,0.338200000000),
double3(0.789300000000,0.460700000000,0.289300000000),
double3(0.875000000000,0.375000000000,0.354400000000),
double3(0.759950000000,0.490050000000,0.197940000000),
double3(0.794900000000,0.409000000000,0.181900000000),
double3(0.777300000000,0.378100000000,0.179400000000),
double3(0.773390000000,0.547040000000,0.202960000000),
double3(0.746600000000,0.604140000000,0.201340000000),
double3(0.718710000000,0.618570000000,0.218710000000),
double3(0.671930000000,0.671930000000,0.220620000000),
double3(0.660900000000,0.660900000000,0.242800000000),
double3(0.704360000000,0.655660000000,0.204360000000),
double3(0.815590000000,0.515480000000,0.234520000000),
double3(0.820900000000,0.587000000000,0.219200000000),
double3(0.840610000000,0.590610000000,0.250000000000),
double3(0.645600000000,0.625000000000,0.125000000000),
double3(0.802060000000,0.509950000000,0.240050000000),
double3(0.818100000000,0.591000000000,0.205100000000),
double3(0.820600000000,0.621900000000,0.222700000000),
double3(0.273390000000,0.702960000000,0.547040000000),
double3(0.246600000000,0.645860000000,0.548660000000),
double3(0.315590000000,0.734520000000,0.515480000000),
double3(0.320900000000,0.663000000000,0.530800000000),
double3(0.340610000000,0.659390000000,0.500000000000),
double3(0.145600000000,0.625000000000,0.625000000000),
double3(0.302060000000,0.740050000000,0.509950000000),
double3(0.318100000000,0.659000000000,0.544900000000),
double3(0.320600000000,0.628100000000,0.527300000000),
double3(0.297040000000,0.023390000000,0.297040000000),
double3(0.354140000000,0.996600000000,0.298660000000),
double3(0.368570000000,0.968710000000,0.281290000000),
double3(0.421930000000,0.921930000000,0.279380000000),
double3(0.410900000000,0.910900000000,0.257200000000),
double3(0.405660000000,0.954360000000,0.295640000000),
double3(0.265480000000,0.065590000000,0.265480000000),
double3(0.337000000000,0.070900000000,0.280800000000),
double3(0.340610000000,0.090610000000,0.250000000000),
double3(0.375000000000,0.895600000000,0.375000000000),
double3(0.259950000000,0.052060000000,0.259950000000),
double3(0.341000000000,0.068100000000,0.294900000000),
double3(0.371900000000,0.070600000000,0.277300000000),
double3(0.003400000000,0.104140000000,0.048660000000),
double3(0.031290000000,0.118570000000,0.031290000000),
double3(0.078070000000,0.171930000000,0.029380000000),
double3(0.089100000000,0.160900000000,0.007200000000),
double3(0.045640000000,0.155660000000,0.045640000000),
double3(0.929100000000,0.087000000000,0.030800000000),
double3(0.909390000000,0.090610000000,0.000000000000),
double3(0.931900000000,0.091000000000,0.044900000000),
double3(0.929400000000,0.121900000000,0.027300000000),
double3(0.452960000000,0.726610000000,0.297040000000),
double3(0.395860000000,0.753400000000,0.298660000000),
double3(0.328070000000,0.828070000000,0.279380000000),
double3(0.339100000000,0.839100000000,0.257200000000),
double3(0.484520000000,0.684410000000,0.265480000000),
double3(0.413000000000,0.679100000000,0.280800000000),
double3(0.409390000000,0.659390000000,0.250000000000),
double3(0.375000000000,0.854400000000,0.375000000000),
double3(0.490050000000,0.697940000000,0.259950000000),
double3(0.409000000000,0.681900000000,0.294900000000),
double3(0.378100000000,0.679400000000,0.277300000000),
double3(0.003400000000,0.145860000000,0.201340000000),
double3(0.031290000000,0.131430000000,0.218710000000),
double3(0.078070000000,0.078070000000,0.220620000000),
double3(0.089100000000,0.089100000000,0.242800000000),
double3(0.045640000000,0.094340000000,0.204360000000),
double3(0.929100000000,0.163000000000,0.219200000000),
double3(0.909390000000,0.159390000000,0.250000000000),
double3(0.931900000000,0.159000000000,0.205100000000),
double3(0.929400000000,0.128100000000,0.222700000000),
double3(0.297040000000,0.226610000000,0.952960000000),
double3(0.278130000000,0.278130000000,0.971870000000),
double3(0.354140000000,0.253400000000,0.951340000000),
double3(0.368570000000,0.281290000000,0.968710000000),
double3(0.421930000000,0.328070000000,0.970620000000),
double3(0.410900000000,0.339100000000,0.992800000000),
double3(0.405660000000,0.295640000000,0.954360000000),
double3(0.265480000000,0.184410000000,0.984520000000),
double3(0.337000000000,0.179100000000,0.969200000000),
double3(0.340610000000,0.159390000000,0.000000000000),
double3(0.338200000000,0.338200000000,0.911800000000),
double3(0.289300000000,0.289300000000,0.960700000000),
double3(0.375000000000,0.354400000000,0.875000000000),
double3(0.259950000000,0.197940000000,0.990050000000),
double3(0.341000000000,0.181900000000,0.955100000000),
double3(0.371900000000,0.179400000000,0.972700000000),
double3(0.952960000000,0.523390000000,0.452960000000),
double3(0.971870000000,0.471870000000,0.471870000000),
double3(0.895860000000,0.496600000000,0.451340000000),
double3(0.881430000000,0.468710000000,0.468710000000),
double3(0.844340000000,0.454360000000,0.454360000000),
double3(0.984520000000,0.565590000000,0.484520000000),
double3(0.913000000000,0.570900000000,0.469200000000),
double3(0.909390000000,0.590610000000,0.500000000000),
double3(0.911800000000,0.411800000000,0.411800000000),
double3(0.960700000000,0.460700000000,0.460700000000),
double3(0.875000000000,0.395600000000,0.375000000000),
double3(0.990050000000,0.552060000000,0.490050000000),
double3(0.909000000000,0.568100000000,0.455100000000),
double3(0.878100000000,0.570600000000,0.472700000000),
double3(0.797040000000,0.726610000000,0.952960000000),
double3(0.778130000000,0.778130000000,0.971870000000),
double3(0.798660000000,0.753400000000,0.895860000000),
double3(0.781290000000,0.781290000000,0.881430000000),
double3(0.779380000000,0.828070000000,0.828070000000),
double3(0.757200000000,0.839100000000,0.839100000000),
double3(0.795640000000,0.795640000000,0.844340000000),
double3(0.765480000000,0.684410000000,0.984520000000),
double3(0.780800000000,0.679100000000,0.913000000000),
double3(0.750000000000,0.659390000000,0.909390000000),
double3(0.838200000000,0.838200000000,0.911800000000),
double3(0.789300000000,0.789300000000,0.960700000000),
double3(0.875000000000,0.854400000000,0.875000000000),
double3(0.759950000000,0.697940000000,0.990050000000),
double3(0.794900000000,0.681900000000,0.909000000000),
double3(0.777300000000,0.679400000000,0.878100000000),
double3(0.746600000000,0.548660000000,0.145860000000),
double3(0.718710000000,0.531290000000,0.131430000000),
double3(0.704360000000,0.545640000000,0.094340000000),
double3(0.820900000000,0.530800000000,0.163000000000),
double3(0.840610000000,0.500000000000,0.159390000000),
double3(0.818100000000,0.544900000000,0.159000000000),
double3(0.820600000000,0.527300000000,0.128100000000),
double3(0.951340000000,0.496600000000,0.395860000000),
double3(0.968710000000,0.468710000000,0.381430000000),
double3(0.970620000000,0.421930000000,0.328070000000),
double3(0.992800000000,0.410900000000,0.339100000000),
double3(0.954360000000,0.454360000000,0.344340000000),
double3(0.969200000000,0.570900000000,0.413000000000),
double3(0.000000000000,0.590610000000,0.409390000000),
double3(0.955100000000,0.568100000000,0.409000000000),
double3(0.972700000000,0.570600000000,0.378100000000),
double3(0.976610000000,0.702960000000,0.702960000000),
double3(0.003400000000,0.701340000000,0.645860000000),
double3(0.078070000000,0.720620000000,0.578070000000),
double3(0.089100000000,0.742800000000,0.589100000000),
double3(0.934410000000,0.734520000000,0.734520000000),
double3(0.929100000000,0.719200000000,0.663000000000),
double3(0.909390000000,0.750000000000,0.659390000000),
double3(0.104400000000,0.625000000000,0.625000000000),
double3(0.947940000000,0.740050000000,0.740050000000),
double3(0.931900000000,0.705100000000,0.659000000000),
double3(0.929400000000,0.722700000000,0.628100000000),
double3(0.797040000000,0.523390000000,0.297040000000),
double3(0.798660000000,0.496600000000,0.354140000000),
double3(0.781290000000,0.468710000000,0.368570000000),
double3(0.795640000000,0.454360000000,0.405660000000),
double3(0.765480000000,0.565590000000,0.265480000000),
double3(0.780800000000,0.570900000000,0.337000000000),
double3(0.750000000000,0.590610000000,0.340610000000),
double3(0.759950000000,0.552060000000,0.259950000000),
double3(0.794900000000,0.568100000000,0.341000000000),
double3(0.777300000000,0.570600000000,0.371900000000),
double3(0.976610000000,0.547040000000,0.547040000000),
double3(0.003400000000,0.548660000000,0.604140000000),
double3(0.031290000000,0.531290000000,0.618570000000),
double3(0.078070000000,0.529380000000,0.671930000000),
double3(0.089100000000,0.507200000000,0.660900000000),
double3(0.045640000000,0.545640000000,0.655660000000),
double3(0.934410000000,0.515480000000,0.515480000000),
double3(0.929100000000,0.530800000000,0.587000000000),
double3(0.909390000000,0.500000000000,0.590610000000),
double3(0.947940000000,0.509950000000,0.509950000000),
double3(0.931900000000,0.544900000000,0.591000000000),
double3(0.929400000000,0.527300000000,0.621900000000),
double3(0.952960000000,0.726610000000,0.797040000000),
double3(0.951340000000,0.753400000000,0.854140000000),
double3(0.970620000000,0.828070000000,0.921930000000),
double3(0.992800000000,0.839100000000,0.910900000000),
double3(0.984520000000,0.684410000000,0.765480000000),
double3(0.969200000000,0.679100000000,0.837000000000),
double3(0.000000000000,0.659390000000,0.840610000000),
double3(0.990050000000,0.697940000000,0.759950000000),
double3(0.955100000000,0.681900000000,0.841000000000),
double3(0.972700000000,0.679400000000,0.871900000000),
double3(0.773390000000,0.702960000000,0.047040000000),
double3(0.746600000000,0.701340000000,0.104140000000),
double3(0.718710000000,0.718710000000,0.118570000000),
double3(0.671930000000,0.720620000000,0.171930000000),
double3(0.660900000000,0.742800000000,0.160900000000),
double3(0.704360000000,0.704360000000,0.155660000000),
double3(0.815590000000,0.734520000000,0.015480000000),
double3(0.820900000000,0.719200000000,0.087000000000),
double3(0.840610000000,0.750000000000,0.090610000000),
double3(0.802060000000,0.740050000000,0.009950000000),
double3(0.818100000000,0.705100000000,0.091000000000),
double3(0.820600000000,0.722700000000,0.121900000000),
double3(0.395860000000,0.298660000000,0.753400000000),
double3(0.381430000000,0.281290000000,0.781290000000),
double3(0.328070000000,0.279380000000,0.828070000000),
double3(0.339100000000,0.257200000000,0.839100000000),
double3(0.344340000000,0.295640000000,0.795640000000),
double3(0.413000000000,0.280800000000,0.679100000000),
double3(0.409390000000,0.250000000000,0.659390000000),
double3(0.409000000000,0.294900000000,0.681900000000),
double3(0.378100000000,0.277300000000,0.679400000000),
double3(0.202960000000,0.202960000000,0.976610000000),
double3(0.221870000000,0.221870000000,0.028130000000),
double3(0.201340000000,0.145860000000,0.003400000000),
double3(0.218710000000,0.131430000000,0.031290000000),
double3(0.204360000000,0.094340000000,0.045640000000),
double3(0.234520000000,0.234520000000,0.934410000000),
double3(0.219200000000,0.163000000000,0.929100000000),
double3(0.250000000000,0.159390000000,0.909390000000),
double3(0.161800000000,0.161800000000,0.088200000000),
double3(0.210700000000,0.210700000000,0.039300000000),
double3(0.125000000000,0.125000000000,0.104400000000),
double3(0.240050000000,0.240050000000,0.947940000000),
double3(0.205100000000,0.159000000000,0.931900000000),
double3(0.222700000000,0.128100000000,0.929400000000),
double3(0.297040000000,0.952960000000,0.226610000000),
double3(0.354140000000,0.951340000000,0.253400000000),
double3(0.421930000000,0.970620000000,0.328070000000),
double3(0.410900000000,0.992800000000,0.339100000000),
double3(0.265480000000,0.984520000000,0.184410000000),
double3(0.337000000000,0.969200000000,0.179100000000),
double3(0.340610000000,0.000000000000,0.159390000000),
double3(0.259950000000,0.990050000000,0.197940000000),
double3(0.341000000000,0.955100000000,0.181900000000),
double3(0.371900000000,0.972700000000,0.179400000000),
double3(0.547040000000,0.047040000000,0.476610000000),
double3(0.528130000000,0.028130000000,0.528130000000),
double3(0.548660000000,0.104140000000,0.503400000000),
double3(0.531290000000,0.118570000000,0.531290000000),
double3(0.529380000000,0.171930000000,0.578070000000),
double3(0.507200000000,0.160900000000,0.589100000000),
double3(0.545640000000,0.155660000000,0.545640000000),
double3(0.515480000000,0.015480000000,0.434410000000),
double3(0.530800000000,0.087000000000,0.429100000000),
double3(0.500000000000,0.090610000000,0.409390000000),
double3(0.588200000000,0.088200000000,0.588200000000),
double3(0.539300000000,0.039300000000,0.539300000000),
double3(0.509950000000,0.009950000000,0.447940000000),
double3(0.544900000000,0.091000000000,0.431900000000),
double3(0.527300000000,0.121900000000,0.429400000000),
double3(0.452960000000,0.952960000000,0.523390000000),
double3(0.471870000000,0.971870000000,0.471870000000),
double3(0.395860000000,0.951340000000,0.496600000000),
double3(0.381430000000,0.968710000000,0.468710000000),
double3(0.344340000000,0.954360000000,0.454360000000),
double3(0.484520000000,0.984520000000,0.565590000000),
double3(0.413000000000,0.969200000000,0.570900000000),
double3(0.409390000000,0.000000000000,0.590610000000),
double3(0.411800000000,0.911800000000,0.411800000000),
double3(0.460700000000,0.960700000000,0.460700000000),
double3(0.490050000000,0.990050000000,0.552060000000),
double3(0.409000000000,0.955100000000,0.568100000000),
double3(0.378100000000,0.972700000000,0.570600000000),
double3(0.548660000000,0.145860000000,0.746600000000),
double3(0.531290000000,0.131430000000,0.718710000000),
double3(0.529380000000,0.078070000000,0.671930000000),
double3(0.507200000000,0.089100000000,0.660900000000),
double3(0.545640000000,0.094340000000,0.704360000000),
double3(0.530800000000,0.163000000000,0.820900000000),
double3(0.500000000000,0.159390000000,0.840610000000),
double3(0.544900000000,0.159000000000,0.818100000000),
double3(0.527300000000,0.128100000000,0.820600000000),
double3(0.297040000000,0.297040000000,0.023390000000),
double3(0.354140000000,0.298660000000,0.996600000000),
double3(0.421930000000,0.279380000000,0.921930000000),
double3(0.410900000000,0.257200000000,0.910900000000),
double3(0.265480000000,0.265480000000,0.065590000000),
double3(0.337000000000,0.280800000000,0.070900000000),
double3(0.340610000000,0.250000000000,0.090610000000),
double3(0.259950000000,0.259950000000,0.052060000000),
double3(0.341000000000,0.294900000000,0.068100000000),
double3(0.371900000000,0.277300000000,0.070600000000),
double3(0.202960000000,0.047040000000,0.273390000000),
double3(0.201340000000,0.104140000000,0.246600000000),
double3(0.218710000000,0.118570000000,0.218710000000),
double3(0.220620000000,0.171930000000,0.171930000000),
double3(0.242800000000,0.160900000000,0.160900000000),
double3(0.204360000000,0.155660000000,0.204360000000),
double3(0.234520000000,0.015480000000,0.315590000000),
double3(0.219200000000,0.087000000000,0.320900000000),
double3(0.250000000000,0.090610000000,0.340610000000),
double3(0.125000000000,0.125000000000,0.145600000000),
double3(0.240050000000,0.009950000000,0.302060000000),
double3(0.205100000000,0.091000000000,0.318100000000),
double3(0.222700000000,0.121900000000,0.320600000000),
double3(0.253400000000,0.895860000000,0.298660000000),
double3(0.281290000000,0.881430000000,0.281290000000),
double3(0.295640000000,0.844340000000,0.295640000000),
double3(0.179100000000,0.913000000000,0.280800000000),
double3(0.159390000000,0.909390000000,0.250000000000),
double3(0.181900000000,0.909000000000,0.294900000000),
double3(0.179400000000,0.878100000000,0.277300000000),
double3(0.726610000000,0.797040000000,0.952960000000),
double3(0.753400000000,0.854140000000,0.951340000000),
double3(0.781290000000,0.868570000000,0.968710000000),
double3(0.828070000000,0.921930000000,0.970620000000),
double3(0.839100000000,0.910900000000,0.992800000000),
double3(0.795640000000,0.905660000000,0.954360000000),
double3(0.684410000000,0.765480000000,0.984520000000),
double3(0.679100000000,0.837000000000,0.969200000000),
double3(0.854400000000,0.875000000000,0.875000000000),
double3(0.697940000000,0.759950000000,0.990050000000),
double3(0.681900000000,0.841000000000,0.955100000000),
double3(0.679400000000,0.871900000000,0.972700000000),
double3(0.702960000000,0.476610000000,0.202960000000),
double3(0.645860000000,0.503400000000,0.201340000000),
double3(0.578070000000,0.578070000000,0.220620000000),
double3(0.589100000000,0.589100000000,0.242800000000),
double3(0.734520000000,0.434410000000,0.234520000000),
double3(0.663000000000,0.429100000000,0.219200000000),
double3(0.659390000000,0.409390000000,0.250000000000),
double3(0.625000000000,0.604400000000,0.125000000000),
double3(0.740050000000,0.447940000000,0.240050000000),
double3(0.659000000000,0.431900000000,0.205100000000),
double3(0.628100000000,0.429400000000,0.222700000000),
double3(0.023390000000,0.452960000000,0.452960000000),
double3(0.996600000000,0.395860000000,0.451340000000),
double3(0.968710000000,0.381430000000,0.468710000000),
double3(0.921930000000,0.328070000000,0.470620000000),
double3(0.910900000000,0.339100000000,0.492800000000),
double3(0.954360000000,0.344340000000,0.454360000000),
double3(0.065590000000,0.484520000000,0.484520000000),
double3(0.070900000000,0.413000000000,0.469200000000),
double3(0.895600000000,0.375000000000,0.375000000000),
double3(0.052060000000,0.490050000000,0.490050000000),
double3(0.068100000000,0.409000000000,0.455100000000),
double3(0.070600000000,0.378100000000,0.472700000000),
double3(0.547040000000,0.773390000000,0.202960000000),
double3(0.604140000000,0.746600000000,0.201340000000),
double3(0.618570000000,0.718710000000,0.218710000000),
double3(0.655660000000,0.704360000000,0.204360000000),
double3(0.515480000000,0.815590000000,0.234520000000),
double3(0.587000000000,0.820900000000,0.219200000000),
double3(0.590610000000,0.840610000000,0.250000000000),
double3(0.509950000000,0.802060000000,0.240050000000),
double3(0.591000000000,0.818100000000,0.205100000000),
double3(0.621900000000,0.820600000000,0.222700000000),
double3(0.023390000000,0.297040000000,0.297040000000),
double3(0.996600000000,0.354140000000,0.298660000000),
double3(0.968710000000,0.368570000000,0.281290000000),
double3(0.921930000000,0.421930000000,0.279380000000),
double3(0.910900000000,0.410900000000,0.257200000000),
double3(0.954360000000,0.405660000000,0.295640000000),
double3(0.065590000000,0.265480000000,0.265480000000),
double3(0.070900000000,0.337000000000,0.280800000000),
double3(0.090610000000,0.340610000000,0.250000000000),
double3(0.052060000000,0.259950000000,0.259950000000),
double3(0.068100000000,0.341000000000,0.294900000000),
double3(0.070600000000,0.371900000000,0.277300000000),
double3(0.702960000000,0.273390000000,0.547040000000),
double3(0.645860000000,0.246600000000,0.548660000000),
double3(0.578070000000,0.171930000000,0.529380000000),
double3(0.589100000000,0.160900000000,0.507200000000),
double3(0.734520000000,0.315590000000,0.515480000000),
double3(0.663000000000,0.320900000000,0.530800000000),
double3(0.740050000000,0.302060000000,0.509950000000),
double3(0.659000000000,0.318100000000,0.544900000000),
double3(0.628100000000,0.320600000000,0.527300000000),
double3(0.104140000000,0.003400000000,0.048660000000),
double3(0.118570000000,0.031290000000,0.031290000000),
double3(0.171930000000,0.078070000000,0.029380000000),
double3(0.160900000000,0.089100000000,0.007200000000),
double3(0.155660000000,0.045640000000,0.045640000000),
double3(0.087000000000,0.929100000000,0.030800000000),
double3(0.091000000000,0.931900000000,0.044900000000),
double3(0.121900000000,0.929400000000,0.027300000000),
double3(0.202960000000,0.273390000000,0.047040000000),
double3(0.201340000000,0.246600000000,0.104140000000),
double3(0.218710000000,0.218710000000,0.118570000000),
double3(0.204360000000,0.204360000000,0.155660000000),
double3(0.234520000000,0.315590000000,0.015480000000),
double3(0.219200000000,0.320900000000,0.087000000000),
double3(0.250000000000,0.340610000000,0.090610000000),
double3(0.125000000000,0.145600000000,0.125000000000),
double3(0.240050000000,0.302060000000,0.009950000000),
double3(0.205100000000,0.318100000000,0.091000000000),
double3(0.222700000000,0.320600000000,0.121900000000),
double3(0.253400000000,0.451340000000,0.854140000000),
double3(0.281290000000,0.468710000000,0.868570000000),
double3(0.295640000000,0.454360000000,0.905660000000),
double3(0.179100000000,0.469200000000,0.837000000000),
double3(0.159390000000,0.500000000000,0.840610000000),
double3(0.181900000000,0.455100000000,0.841000000000),
double3(0.179400000000,0.472700000000,0.871900000000),
double3(0.048660000000,0.503400000000,0.604140000000),
double3(0.029380000000,0.578070000000,0.671930000000),
double3(0.007200000000,0.589100000000,0.660900000000),
double3(0.030800000000,0.429100000000,0.587000000000),
double3(0.000000000000,0.409390000000,0.590610000000),
double3(0.044900000000,0.431900000000,0.591000000000),
double3(0.027300000000,0.429400000000,0.621900000000),
double3(0.996600000000,0.298660000000,0.354140000000),
double3(0.921930000000,0.279380000000,0.421930000000),
double3(0.910900000000,0.257200000000,0.410900000000),
double3(0.070900000000,0.280800000000,0.337000000000),
double3(0.090610000000,0.250000000000,0.340610000000),
double3(0.068100000000,0.294900000000,0.341000000000),
double3(0.070600000000,0.277300000000,0.371900000000),
double3(0.202960000000,0.476610000000,0.702960000000),
double3(0.201340000000,0.503400000000,0.645860000000),
double3(0.218710000000,0.531290000000,0.631430000000),
double3(0.204360000000,0.545640000000,0.594340000000),
double3(0.234520000000,0.434410000000,0.734520000000),
double3(0.219200000000,0.429100000000,0.663000000000),
double3(0.250000000000,0.409390000000,0.659390000000),
double3(0.240050000000,0.447940000000,0.740050000000),
double3(0.205100000000,0.431900000000,0.659000000000),
double3(0.222700000000,0.429400000000,0.628100000000),
double3(0.996600000000,0.451340000000,0.395860000000),
double3(0.921930000000,0.470620000000,0.328070000000),
double3(0.910900000000,0.492800000000,0.339100000000),
double3(0.070900000000,0.469200000000,0.413000000000),
double3(0.090610000000,0.500000000000,0.409390000000),
double3(0.068100000000,0.455100000000,0.409000000000),
double3(0.070600000000,0.472700000000,0.378100000000),
double3(0.047040000000,0.273390000000,0.202960000000),
double3(0.048660000000,0.246600000000,0.145860000000),
double3(0.029380000000,0.171930000000,0.078070000000),
double3(0.007200000000,0.160900000000,0.089100000000),
double3(0.015480000000,0.315590000000,0.234520000000),
double3(0.030800000000,0.320900000000,0.163000000000),
double3(0.000000000000,0.340610000000,0.159390000000),
double3(0.009950000000,0.302060000000,0.240050000000),
double3(0.044900000000,0.318100000000,0.159000000000),
double3(0.027300000000,0.320600000000,0.128100000000),
double3(0.226610000000,0.297040000000,0.952960000000),
double3(0.253400000000,0.298660000000,0.895860000000),
double3(0.281290000000,0.281290000000,0.881430000000),
double3(0.295640000000,0.295640000000,0.844340000000),
double3(0.184410000000,0.265480000000,0.984520000000),
double3(0.179100000000,0.280800000000,0.913000000000),
double3(0.159390000000,0.250000000000,0.909390000000),
double3(0.197940000000,0.259950000000,0.990050000000),
double3(0.181900000000,0.294900000000,0.909000000000),
double3(0.179400000000,0.277300000000,0.878100000000),
double3(0.604140000000,0.701340000000,0.246600000000),
double3(0.587000000000,0.719200000000,0.320900000000),
double3(0.590610000000,0.750000000000,0.340610000000),
double3(0.591000000000,0.705100000000,0.318100000000),
double3(0.621900000000,0.722700000000,0.320600000000),
double3(0.797040000000,0.797040000000,0.023390000000),
double3(0.798660000000,0.854140000000,0.996600000000),
double3(0.765480000000,0.765480000000,0.065590000000),
double3(0.780800000000,0.837000000000,0.070900000000),
double3(0.750000000000,0.840610000000,0.090610000000),
double3(0.875000000000,0.875000000000,0.895600000000),
double3(0.759950000000,0.759950000000,0.052060000000),
double3(0.794900000000,0.841000000000,0.068100000000),
double3(0.777300000000,0.871900000000,0.070600000000),
double3(0.702960000000,0.047040000000,0.773390000000),
double3(0.645860000000,0.048660000000,0.746600000000),
double3(0.578070000000,0.029380000000,0.671930000000),
double3(0.589100000000,0.007200000000,0.660900000000),
double3(0.734520000000,0.015480000000,0.815590000000),
double3(0.663000000000,0.030800000000,0.820900000000),
double3(0.659390000000,0.000000000000,0.840610000000),
double3(0.740050000000,0.009950000000,0.802060000000),
double3(0.659000000000,0.044900000000,0.818100000000),
double3(0.628100000000,0.027300000000,0.820600000000),
double3(0.451340000000,0.895860000000,0.496600000000),
double3(0.468710000000,0.881430000000,0.468710000000),
double3(0.470620000000,0.828070000000,0.421930000000),
double3(0.492800000000,0.839100000000,0.410900000000),
double3(0.454360000000,0.844340000000,0.454360000000),
double3(0.469200000000,0.913000000000,0.570900000000),
double3(0.500000000000,0.909390000000,0.590610000000),
double3(0.455100000000,0.909000000000,0.568100000000),
double3(0.472700000000,0.878100000000,0.570600000000),
double3(0.604140000000,0.048660000000,0.503400000000),
double3(0.618570000000,0.031290000000,0.531290000000),
double3(0.655660000000,0.045640000000,0.545640000000),
double3(0.587000000000,0.030800000000,0.429100000000),
double3(0.590610000000,0.000000000000,0.409390000000),
double3(0.591000000000,0.044900000000,0.431900000000),
double3(0.621900000000,0.027300000000,0.429400000000),
double3(0.451340000000,0.854140000000,0.253400000000),
double3(0.468710000000,0.868570000000,0.281290000000),
double3(0.470620000000,0.921930000000,0.328070000000),
double3(0.492800000000,0.910900000000,0.339100000000),
double3(0.454360000000,0.905660000000,0.295640000000),
double3(0.469200000000,0.837000000000,0.179100000000),
double3(0.500000000000,0.840610000000,0.159390000000),
double3(0.455100000000,0.841000000000,0.181900000000),
double3(0.472700000000,0.871900000000,0.179400000000),
double3(0.702960000000,0.702960000000,0.976610000000),
double3(0.645860000000,0.701340000000,0.003400000000),
double3(0.578070000000,0.720620000000,0.078070000000),
double3(0.589100000000,0.742800000000,0.089100000000),
double3(0.734520000000,0.734520000000,0.934410000000),
double3(0.663000000000,0.719200000000,0.929100000000),
double3(0.659390000000,0.750000000000,0.909390000000),
double3(0.740050000000,0.740050000000,0.947940000000),
double3(0.659000000000,0.705100000000,0.931900000000),
double3(0.628100000000,0.722700000000,0.929400000000),
double3(0.797040000000,0.952960000000,0.726610000000),
double3(0.798660000000,0.895860000000,0.753400000000),
double3(0.781290000000,0.881430000000,0.781290000000),
double3(0.795640000000,0.844340000000,0.795640000000),
double3(0.765480000000,0.984520000000,0.684410000000),
double3(0.780800000000,0.913000000000,0.679100000000),
double3(0.750000000000,0.909390000000,0.659390000000),
double3(0.875000000000,0.875000000000,0.854400000000),
double3(0.759950000000,0.990050000000,0.697940000000),
double3(0.794900000000,0.909000000000,0.681900000000),
double3(0.777300000000,0.878100000000,0.679400000000),
double3(0.746600000000,0.104140000000,0.701340000000),
double3(0.718710000000,0.118570000000,0.718710000000),
double3(0.704360000000,0.155660000000,0.704360000000),
double3(0.820900000000,0.087000000000,0.719200000000),
double3(0.840610000000,0.090610000000,0.750000000000),
double3(0.818100000000,0.091000000000,0.705100000000),
double3(0.820600000000,0.121900000000,0.722700000000),
double3(0.273390000000,0.202960000000,0.047040000000),
double3(0.246600000000,0.145860000000,0.048660000000),
double3(0.315590000000,0.234520000000,0.015480000000),
double3(0.320900000000,0.163000000000,0.030800000000),
double3(0.145600000000,0.125000000000,0.125000000000),
double3(0.302060000000,0.240050000000,0.009950000000),
double3(0.318100000000,0.159000000000,0.044900000000),
double3(0.320600000000,0.128100000000,0.027300000000),
double3(0.297040000000,0.523390000000,0.797040000000),
double3(0.354140000000,0.496600000000,0.798660000000),
double3(0.421930000000,0.421930000000,0.779380000000),
double3(0.410900000000,0.410900000000,0.757200000000),
double3(0.265480000000,0.565590000000,0.765480000000),
double3(0.337000000000,0.570900000000,0.780800000000),
double3(0.340610000000,0.590610000000,0.750000000000),
double3(0.375000000000,0.395600000000,0.875000000000),
double3(0.259950000000,0.552060000000,0.759950000000),
double3(0.341000000000,0.568100000000,0.794900000000),
double3(0.371900000000,0.570600000000,0.777300000000),
double3(0.003400000000,0.604140000000,0.548660000000),
double3(0.031290000000,0.618570000000,0.531290000000),
double3(0.078070000000,0.671930000000,0.529380000000),
double3(0.089100000000,0.660900000000,0.507200000000),
double3(0.045640000000,0.655660000000,0.545640000000),
double3(0.929100000000,0.587000000000,0.530800000000),
double3(0.931900000000,0.591000000000,0.544900000000),
double3(0.929400000000,0.621900000000,0.527300000000),
double3(0.452960000000,0.226610000000,0.797040000000),
double3(0.395860000000,0.253400000000,0.798660000000),
double3(0.484520000000,0.184410000000,0.765480000000),
double3(0.413000000000,0.179100000000,0.780800000000),
double3(0.409390000000,0.159390000000,0.750000000000),
double3(0.490050000000,0.197940000000,0.759950000000),
double3(0.409000000000,0.181900000000,0.794900000000),
double3(0.378100000000,0.179400000000,0.777300000000),
double3(0.003400000000,0.645860000000,0.701340000000),
double3(0.031290000000,0.631430000000,0.718710000000),
double3(0.078070000000,0.578070000000,0.720620000000),
double3(0.089100000000,0.589100000000,0.742800000000),
double3(0.045640000000,0.594340000000,0.704360000000),
double3(0.929100000000,0.663000000000,0.719200000000),
double3(0.909390000000,0.659390000000,0.750000000000),
double3(0.931900000000,0.659000000000,0.705100000000),
double3(0.929400000000,0.628100000000,0.722700000000),
double3(0.297040000000,0.726610000000,0.452960000000),
double3(0.354140000000,0.753400000000,0.451340000000),
double3(0.421930000000,0.828070000000,0.470620000000),
double3(0.410900000000,0.839100000000,0.492800000000),
double3(0.265480000000,0.684410000000,0.484520000000),
double3(0.337000000000,0.679100000000,0.469200000000),
double3(0.259950000000,0.697940000000,0.490050000000),
double3(0.341000000000,0.681900000000,0.455100000000),
double3(0.371900000000,0.679400000000,0.472700000000),
double3(0.895860000000,0.996600000000,0.951340000000),
double3(0.881430000000,0.968710000000,0.968710000000),
double3(0.844340000000,0.954360000000,0.954360000000),
double3(0.913000000000,0.070900000000,0.969200000000),
double3(0.909000000000,0.068100000000,0.955100000000),
double3(0.878100000000,0.070600000000,0.972700000000),
double3(0.298660000000,0.253400000000,0.895860000000),
double3(0.279380000000,0.328070000000,0.828070000000),
double3(0.257200000000,0.339100000000,0.839100000000),
double3(0.280800000000,0.179100000000,0.913000000000),
double3(0.294900000000,0.181900000000,0.909000000000),
double3(0.277300000000,0.179400000000,0.878100000000),
double3(0.273390000000,0.047040000000,0.202960000000),
double3(0.246600000000,0.048660000000,0.145860000000),
double3(0.171930000000,0.029380000000,0.078070000000),
double3(0.160900000000,0.007200000000,0.089100000000),
double3(0.315590000000,0.015480000000,0.234520000000),
double3(0.320900000000,0.030800000000,0.163000000000),
double3(0.302060000000,0.009950000000,0.240050000000),
double3(0.318100000000,0.044900000000,0.159000000000),
double3(0.320600000000,0.027300000000,0.128100000000),
double3(0.452960000000,0.023390000000,0.452960000000),
double3(0.451340000000,0.996600000000,0.395860000000),
double3(0.468710000000,0.968710000000,0.381430000000),
double3(0.454360000000,0.954360000000,0.344340000000),
double3(0.484520000000,0.065590000000,0.484520000000),
double3(0.469200000000,0.070900000000,0.413000000000),
double3(0.490050000000,0.052060000000,0.490050000000),
double3(0.455100000000,0.068100000000,0.409000000000),
double3(0.472700000000,0.070600000000,0.378100000000),
double3(0.476610000000,0.202960000000,0.702960000000),
double3(0.503400000000,0.201340000000,0.645860000000),
double3(0.531290000000,0.218710000000,0.631430000000),
double3(0.545640000000,0.204360000000,0.594340000000),
double3(0.434410000000,0.234520000000,0.734520000000),
double3(0.429100000000,0.219200000000,0.663000000000),
double3(0.604400000000,0.125000000000,0.625000000000),
double3(0.447940000000,0.240050000000,0.740050000000),
double3(0.431900000000,0.205100000000,0.659000000000),
double3(0.429400000000,0.222700000000,0.628100000000),
double3(0.298660000000,0.996600000000,0.354140000000),
double3(0.279380000000,0.921930000000,0.421930000000),
double3(0.257200000000,0.910900000000,0.410900000000),
double3(0.280800000000,0.070900000000,0.337000000000),
double3(0.294900000000,0.068100000000,0.341000000000),
double3(0.277300000000,0.070600000000,0.371900000000),
double3(0.476610000000,0.047040000000,0.547040000000),
double3(0.503400000000,0.048660000000,0.604140000000),
double3(0.531290000000,0.031290000000,0.618570000000),
double3(0.545640000000,0.045640000000,0.655660000000),
double3(0.434410000000,0.015480000000,0.515480000000),
double3(0.429100000000,0.030800000000,0.587000000000),
double3(0.447940000000,0.009950000000,0.509950000000),
double3(0.431900000000,0.044900000000,0.591000000000),
double3(0.429400000000,0.027300000000,0.621900000000),
double3(0.451340000000,0.253400000000,0.854140000000),
double3(0.468710000000,0.281290000000,0.868570000000),
double3(0.454360000000,0.295640000000,0.905660000000),
double3(0.469200000000,0.179100000000,0.837000000000),
double3(0.455100000000,0.181900000000,0.841000000000),
double3(0.472700000000,0.179400000000,0.871900000000),
double3(0.246600000000,0.201340000000,0.104140000000),
double3(0.171930000000,0.220620000000,0.171930000000),
double3(0.160900000000,0.242800000000,0.160900000000),
double3(0.320900000000,0.219200000000,0.087000000000),
double3(0.318100000000,0.205100000000,0.091000000000),
double3(0.320600000000,0.222700000000,0.121900000000),
double3(0.952960000000,0.797040000000,0.726610000000),
double3(0.895860000000,0.798660000000,0.753400000000),
double3(0.881430000000,0.781290000000,0.781290000000),
double3(0.828070000000,0.779380000000,0.828070000000),
double3(0.839100000000,0.757200000000,0.839100000000),
double3(0.844340000000,0.795640000000,0.795640000000),
double3(0.984520000000,0.765480000000,0.684410000000),
double3(0.913000000000,0.780800000000,0.679100000000),
double3(0.990050000000,0.759950000000,0.697940000000),
double3(0.909000000000,0.794900000000,0.681900000000),
double3(0.878100000000,0.777300000000,0.679400000000),
double3(0.701340000000,0.645860000000,0.003400000000),
double3(0.718710000000,0.631430000000,0.031290000000),
double3(0.720620000000,0.578070000000,0.078070000000),
double3(0.742800000000,0.589100000000,0.089100000000),
double3(0.704360000000,0.594340000000,0.045640000000),
double3(0.719200000000,0.663000000000,0.929100000000),
double3(0.705100000000,0.659000000000,0.931900000000),
double3(0.722700000000,0.628100000000,0.929400000000),
double3(0.854140000000,0.451340000000,0.253400000000),
double3(0.868570000000,0.468710000000,0.281290000000),
double3(0.905660000000,0.454360000000,0.295640000000),
double3(0.837000000000,0.469200000000,0.179100000000),
double3(0.841000000000,0.455100000000,0.181900000000),
double3(0.871900000000,0.472700000000,0.179400000000),
double3(0.047040000000,0.547040000000,0.476610000000),
double3(0.048660000000,0.604140000000,0.503400000000),
double3(0.015480000000,0.515480000000,0.434410000000),
double3(0.030800000000,0.587000000000,0.429100000000),
double3(0.009950000000,0.509950000000,0.447940000000),
double3(0.044900000000,0.591000000000,0.431900000000),
double3(0.027300000000,0.621900000000,0.429400000000),
double3(0.952960000000,0.452960000000,0.523390000000),
double3(0.895860000000,0.451340000000,0.496600000000),
double3(0.828070000000,0.470620000000,0.421930000000),
double3(0.839100000000,0.492800000000,0.410900000000),
double3(0.984520000000,0.484520000000,0.565590000000),
double3(0.913000000000,0.469200000000,0.570900000000),
double3(0.990050000000,0.490050000000,0.552060000000),
double3(0.909000000000,0.455100000000,0.568100000000),
double3(0.878100000000,0.472700000000,0.570600000000),
double3(0.047040000000,0.702960000000,0.773390000000),
double3(0.048660000000,0.645860000000,0.746600000000),
double3(0.015480000000,0.734520000000,0.815590000000),
double3(0.030800000000,0.663000000000,0.820900000000),
double3(0.009950000000,0.740050000000,0.802060000000),
double3(0.044900000000,0.659000000000,0.818100000000),
double3(0.027300000000,0.628100000000,0.820600000000),
double3(0.854140000000,0.798660000000,0.996600000000),
double3(0.868570000000,0.781290000000,0.968710000000),
double3(0.905660000000,0.795640000000,0.954360000000),
double3(0.837000000000,0.780800000000,0.070900000000),
double3(0.841000000000,0.794900000000,0.068100000000),
double3(0.871900000000,0.777300000000,0.070600000000),
double3(0.701340000000,0.604140000000,0.246600000000),
double3(0.720620000000,0.671930000000,0.171930000000),
double3(0.742800000000,0.660900000000,0.160900000000),
double3(0.719200000000,0.587000000000,0.320900000000),
double3(0.705100000000,0.591000000000,0.318100000000),
double3(0.722700000000,0.621900000000,0.320600000000),
double3(0.726610000000,0.452960000000,0.297040000000),
double3(0.753400000000,0.395860000000,0.298660000000),
double3(0.828070000000,0.328070000000,0.279380000000),
double3(0.839100000000,0.339100000000,0.257200000000),
double3(0.684410000000,0.484520000000,0.265480000000),
double3(0.679100000000,0.413000000000,0.280800000000),
double3(0.697940000000,0.490050000000,0.259950000000),
double3(0.681900000000,0.409000000000,0.294900000000),
double3(0.679400000000,0.378100000000,0.277300000000),
double3(0.253400000000,0.354140000000,0.951340000000),
double3(0.281290000000,0.368570000000,0.968710000000),
double3(0.328070000000,0.421930000000,0.970620000000),
double3(0.339100000000,0.410900000000,0.992800000000),
double3(0.295640000000,0.405660000000,0.954360000000),
double3(0.179100000000,0.337000000000,0.969200000000),
double3(0.159390000000,0.340610000000,0.000000000000),
double3(0.181900000000,0.341000000000,0.955100000000),
double3(0.179400000000,0.371900000000,0.972700000000),
double3(0.145860000000,0.003400000000,0.201340000000),
double3(0.131430000000,0.031290000000,0.218710000000),
double3(0.094340000000,0.045640000000,0.204360000000),
double3(0.163000000000,0.929100000000,0.219200000000),
double3(0.159000000000,0.931900000000,0.205100000000),
double3(0.128100000000,0.929400000000,0.222700000000),
double3(0.523390000000,0.952960000000,0.452960000000),
double3(0.496600000000,0.895860000000,0.451340000000),
double3(0.565590000000,0.984520000000,0.484520000000),
double3(0.570900000000,0.913000000000,0.469200000000),
double3(0.590610000000,0.909390000000,0.500000000000),
double3(0.395600000000,0.875000000000,0.375000000000),
double3(0.552060000000,0.990050000000,0.490050000000),
double3(0.568100000000,0.909000000000,0.455100000000),
double3(0.570600000000,0.878100000000,0.472700000000),
double3(0.104140000000,0.246600000000,0.201340000000),
double3(0.118570000000,0.218710000000,0.218710000000),
double3(0.171930000000,0.171930000000,0.220620000000),
double3(0.160900000000,0.160900000000,0.242800000000),
double3(0.155660000000,0.204360000000,0.204360000000),
double3(0.087000000000,0.320900000000,0.219200000000),
double3(0.091000000000,0.318100000000,0.205100000000),
double3(0.121900000000,0.320600000000,0.222700000000),
double3(0.523390000000,0.797040000000,0.297040000000),
double3(0.496600000000,0.854140000000,0.298660000000),
double3(0.565590000000,0.765480000000,0.265480000000),
double3(0.570900000000,0.837000000000,0.280800000000),
double3(0.552060000000,0.759950000000,0.259950000000),
double3(0.568100000000,0.841000000000,0.294900000000),
double3(0.570600000000,0.871900000000,0.277300000000),
double3(0.145860000000,0.746600000000,0.548660000000),
double3(0.131430000000,0.718710000000,0.531290000000),
double3(0.094340000000,0.704360000000,0.545640000000),
double3(0.163000000000,0.820900000000,0.530800000000),
double3(0.159390000000,0.840610000000,0.500000000000),
double3(0.159000000000,0.818100000000,0.544900000000),
double3(0.128100000000,0.820600000000,0.527300000000),
double3(0.547040000000,0.476610000000,0.047040000000),
double3(0.604140000000,0.503400000000,0.048660000000),
double3(0.671930000000,0.578070000000,0.029380000000),
double3(0.660900000000,0.589100000000,0.007200000000),
double3(0.515480000000,0.434410000000,0.015480000000),
double3(0.587000000000,0.429100000000,0.030800000000),
double3(0.590610000000,0.409390000000,0.000000000000),
double3(0.509950000000,0.447940000000,0.009950000000),
double3(0.591000000000,0.431900000000,0.044900000000),
double3(0.621900000000,0.429400000000,0.027300000000),
double3(0.701340000000,0.746600000000,0.104140000000),
double3(0.719200000000,0.820900000000,0.087000000000),
double3(0.705100000000,0.818100000000,0.091000000000),
double3(0.722700000000,0.820600000000,0.121900000000),
double3(0.726610000000,0.952960000000,0.797040000000),
double3(0.753400000000,0.951340000000,0.854140000000),
double3(0.828070000000,0.970620000000,0.921930000000),
double3(0.839100000000,0.992800000000,0.910900000000),
double3(0.684410000000,0.984520000000,0.765480000000),
double3(0.679100000000,0.969200000000,0.837000000000),
double3(0.697940000000,0.990050000000,0.759950000000),
double3(0.681900000000,0.955100000000,0.841000000000),
double3(0.679400000000,0.972700000000,0.871900000000),
double3(0.547040000000,0.976610000000,0.547040000000),
double3(0.548660000000,0.003400000000,0.604140000000),
double3(0.515480000000,0.934410000000,0.515480000000),
double3(0.530800000000,0.929100000000,0.587000000000),
double3(0.509950000000,0.947940000000,0.509950000000),
double3(0.544900000000,0.931900000000,0.591000000000),
double3(0.527300000000,0.929400000000,0.621900000000),
double3(0.496600000000,0.798660000000,0.354140000000),
double3(0.468710000000,0.781290000000,0.368570000000),
double3(0.454360000000,0.795640000000,0.405660000000),
double3(0.570900000000,0.780800000000,0.337000000000),
double3(0.568100000000,0.794900000000,0.341000000000),
double3(0.570600000000,0.777300000000,0.371900000000),
double3(0.701340000000,0.003400000000,0.645860000000),
double3(0.720620000000,0.078070000000,0.578070000000),
double3(0.742800000000,0.089100000000,0.589100000000),
double3(0.719200000000,0.929100000000,0.663000000000),
double3(0.705100000000,0.931900000000,0.659000000000),
double3(0.722700000000,0.929400000000,0.628100000000),
double3(0.496600000000,0.951340000000,0.395860000000),
double3(0.570900000000,0.969200000000,0.413000000000),
double3(0.568100000000,0.955100000000,0.409000000000),
double3(0.570600000000,0.972700000000,0.378100000000),
double3(0.548660000000,0.746600000000,0.145860000000),
double3(0.531290000000,0.718710000000,0.131430000000),
double3(0.545640000000,0.704360000000,0.094340000000),
double3(0.530800000000,0.820900000000,0.163000000000),
double3(0.544900000000,0.818100000000,0.159000000000),
double3(0.527300000000,0.820600000000,0.128100000000),
double3(0.753400000000,0.798660000000,0.895860000000),
double3(0.679100000000,0.780800000000,0.913000000000),
double3(0.681900000000,0.794900000000,0.909000000000),
double3(0.679400000000,0.777300000000,0.878100000000),
double3(0.047040000000,0.202960000000,0.273390000000),
double3(0.104140000000,0.201340000000,0.246600000000),
double3(0.015480000000,0.234520000000,0.315590000000),
double3(0.087000000000,0.219200000000,0.320900000000),
double3(0.009950000000,0.240050000000,0.302060000000),
double3(0.091000000000,0.205100000000,0.318100000000),
double3(0.121900000000,0.222700000000,0.320600000000),
double3(0.298660000000,0.354140000000,0.996600000000),
double3(0.279380000000,0.421930000000,0.921930000000),
double3(0.257200000000,0.410900000000,0.910900000000),
double3(0.280800000000,0.337000000000,0.070900000000),
double3(0.294900000000,0.341000000000,0.068100000000),
double3(0.277300000000,0.371900000000,0.070600000000),
double3(0.145860000000,0.548660000000,0.746600000000),
double3(0.131430000000,0.531290000000,0.718710000000),
double3(0.094340000000,0.545640000000,0.704360000000),
double3(0.163000000000,0.530800000000,0.820900000000),
double3(0.159000000000,0.544900000000,0.818100000000),
double3(0.128100000000,0.527300000000,0.820600000000),
double3(0.951340000000,0.395860000000,0.496600000000),
double3(0.969200000000,0.413000000000,0.570900000000),
double3(0.955100000000,0.409000000000,0.568100000000),
double3(0.972700000000,0.378100000000,0.570600000000),
double3(0.104140000000,0.548660000000,0.503400000000),
double3(0.171930000000,0.529380000000,0.578070000000),
double3(0.160900000000,0.507200000000,0.589100000000),
double3(0.087000000000,0.530800000000,0.429100000000),
double3(0.091000000000,0.544900000000,0.431900000000),
double3(0.121900000000,0.527300000000,0.429400000000),
double3(0.952960000000,0.297040000000,0.226610000000),
double3(0.951340000000,0.354140000000,0.253400000000),
double3(0.984520000000,0.265480000000,0.184410000000),
double3(0.969200000000,0.337000000000,0.179100000000),
double3(0.990050000000,0.259950000000,0.197940000000),
double3(0.955100000000,0.341000000000,0.181900000000),
double3(0.972700000000,0.371900000000,0.179400000000),
double3(0.145860000000,0.201340000000,0.003400000000),
double3(0.131430000000,0.218710000000,0.031290000000),
double3(0.094340000000,0.204360000000,0.045640000000),
double3(0.163000000000,0.219200000000,0.929100000000),
double3(0.159000000000,0.205100000000,0.931900000000),
double3(0.128100000000,0.222700000000,0.929400000000),
double3(0.298660000000,0.395860000000,0.753400000000),
double3(0.280800000000,0.413000000000,0.679100000000),
double3(0.294900000000,0.409000000000,0.681900000000),
double3(0.277300000000,0.378100000000,0.679400000000),
double3(0.273390000000,0.547040000000,0.702960000000),
double3(0.246600000000,0.604140000000,0.701340000000),
double3(0.171930000000,0.671930000000,0.720620000000),
double3(0.160900000000,0.660900000000,0.742800000000),
double3(0.315590000000,0.515480000000,0.734520000000),
double3(0.320900000000,0.587000000000,0.719200000000),
double3(0.302060000000,0.509950000000,0.740050000000),
double3(0.318100000000,0.591000000000,0.705100000000),
double3(0.320600000000,0.621900000000,0.722700000000),
double3(0.746600000000,0.645860000000,0.048660000000),
double3(0.820900000000,0.663000000000,0.030800000000),
double3(0.840610000000,0.659390000000,0.000000000000),
double3(0.818100000000,0.659000000000,0.044900000000),
double3(0.820600000000,0.628100000000,0.027300000000),
double3(0.854140000000,0.996600000000,0.798660000000),
double3(0.868570000000,0.968710000000,0.781290000000),
double3(0.905660000000,0.954360000000,0.795640000000),
double3(0.837000000000,0.070900000000,0.780800000000),
double3(0.841000000000,0.068100000000,0.794900000000),
double3(0.871900000000,0.070600000000,0.777300000000),
double3(0.503400000000,0.104140000000,0.548660000000),
double3(0.429100000000,0.087000000000,0.530800000000),
double3(0.409390000000,0.090610000000,0.500000000000),
double3(0.431900000000,0.091000000000,0.544900000000),
double3(0.429400000000,0.121900000000,0.527300000000),
double3(0.895860000000,0.753400000000,0.798660000000),
double3(0.828070000000,0.828070000000,0.779380000000),
double3(0.839100000000,0.839100000000,0.757200000000),
double3(0.913000000000,0.679100000000,0.780800000000),
double3(0.909000000000,0.681900000000,0.794900000000),
double3(0.878100000000,0.679400000000,0.777300000000),
double3(0.503400000000,0.145860000000,0.701340000000),
double3(0.429100000000,0.163000000000,0.719200000000),
double3(0.431900000000,0.159000000000,0.705100000000),
double3(0.429400000000,0.128100000000,0.722700000000),
double3(0.854140000000,0.253400000000,0.451340000000),
double3(0.868570000000,0.281290000000,0.468710000000),
double3(0.905660000000,0.295640000000,0.454360000000),
double3(0.837000000000,0.179100000000,0.469200000000),
double3(0.840610000000,0.159390000000,0.500000000000),
double3(0.841000000000,0.181900000000,0.455100000000),
double3(0.871900000000,0.179400000000,0.472700000000),
double3(0.452960000000,0.523390000000,0.952960000000),
double3(0.395860000000,0.496600000000,0.951340000000),
double3(0.484520000000,0.565590000000,0.984520000000),
double3(0.413000000000,0.570900000000,0.969200000000),
double3(0.409390000000,0.590610000000,0.000000000000),
double3(0.490050000000,0.552060000000,0.990050000000),
double3(0.409000000000,0.568100000000,0.955100000000),
double3(0.378100000000,0.570600000000,0.972700000000),
double3(0.298660000000,0.753400000000,0.395860000000),
double3(0.279380000000,0.828070000000,0.328070000000),
double3(0.257200000000,0.839100000000,0.339100000000),
double3(0.280800000000,0.679100000000,0.413000000000),
double3(0.294900000000,0.681900000000,0.409000000000),
double3(0.277300000000,0.679400000000,0.378100000000),
double3(0.246600000000,0.548660000000,0.645860000000),
double3(0.320900000000,0.530800000000,0.663000000000),
double3(0.318100000000,0.544900000000,0.659000000000),
double3(0.320600000000,0.527300000000,0.628100000000),
double3(0.451340000000,0.496600000000,0.895860000000),
double3(0.468710000000,0.468710000000,0.881430000000),
double3(0.454360000000,0.454360000000,0.844340000000),
double3(0.469200000000,0.570900000000,0.913000000000),
double3(0.455100000000,0.568100000000,0.909000000000),
double3(0.472700000000,0.570600000000,0.878100000000),
double3(0.476610000000,0.702960000000,0.202960000000),
double3(0.503400000000,0.701340000000,0.145860000000),
double3(0.434410000000,0.734520000000,0.234520000000),
double3(0.429100000000,0.719200000000,0.163000000000),
double3(0.604400000000,0.625000000000,0.125000000000),
double3(0.447940000000,0.740050000000,0.240050000000),
double3(0.431900000000,0.705100000000,0.159000000000),
double3(0.429400000000,0.722700000000,0.128100000000),
double3(0.298660000000,0.496600000000,0.854140000000),
double3(0.280800000000,0.570900000000,0.837000000000),
double3(0.294900000000,0.568100000000,0.841000000000),
double3(0.277300000000,0.570600000000,0.871900000000),
double3(0.476610000000,0.547040000000,0.047040000000),
double3(0.503400000000,0.548660000000,0.104140000000),
double3(0.531290000000,0.531290000000,0.118570000000),
double3(0.545640000000,0.545640000000,0.155660000000),
double3(0.434410000000,0.515480000000,0.015480000000),
double3(0.429100000000,0.530800000000,0.087000000000),
double3(0.447940000000,0.509950000000,0.009950000000),
double3(0.431900000000,0.544900000000,0.091000000000),
double3(0.429400000000,0.527300000000,0.121900000000),
double3(0.451340000000,0.753400000000,0.354140000000),
double3(0.469200000000,0.679100000000,0.337000000000),
double3(0.455100000000,0.681900000000,0.341000000000),
double3(0.472700000000,0.679400000000,0.371900000000),
double3(0.246600000000,0.701340000000,0.604140000000),
double3(0.171930000000,0.720620000000,0.671930000000),
double3(0.160900000000,0.742800000000,0.660900000000),
double3(0.320900000000,0.719200000000,0.587000000000),
double3(0.318100000000,0.705100000000,0.591000000000),
double3(0.320600000000,0.722700000000,0.621900000000),
double3(0.895860000000,0.298660000000,0.253400000000),
double3(0.881430000000,0.281290000000,0.281290000000),
double3(0.828070000000,0.279380000000,0.328070000000),
double3(0.839100000000,0.257200000000,0.339100000000),
double3(0.844340000000,0.295640000000,0.295640000000),
double3(0.913000000000,0.280800000000,0.179100000000),
double3(0.909000000000,0.294900000000,0.181900000000),
double3(0.878100000000,0.277300000000,0.179400000000),
double3(0.701340000000,0.145860000000,0.503400000000),
double3(0.718710000000,0.131430000000,0.531290000000),
double3(0.704360000000,0.094340000000,0.545640000000),
double3(0.719200000000,0.163000000000,0.429100000000),
double3(0.705100000000,0.159000000000,0.431900000000),
double3(0.722700000000,0.128100000000,0.429400000000),
double3(0.854140000000,0.951340000000,0.753400000000),
double3(0.837000000000,0.969200000000,0.679100000000),
double3(0.841000000000,0.955100000000,0.681900000000),
double3(0.871900000000,0.972700000000,0.679400000000),
double3(0.047040000000,0.047040000000,0.976610000000),
double3(0.048660000000,0.104140000000,0.003400000000),
double3(0.015480000000,0.015480000000,0.934410000000),
double3(0.030800000000,0.087000000000,0.929100000000),
double3(0.009950000000,0.009950000000,0.947940000000),
double3(0.044900000000,0.091000000000,0.931900000000),
double3(0.027300000000,0.121900000000,0.929400000000),
double3(0.952960000000,0.952960000000,0.023390000000),
double3(0.895860000000,0.951340000000,0.996600000000),
double3(0.984520000000,0.984520000000,0.065590000000),
double3(0.913000000000,0.969200000000,0.070900000000),
double3(0.990050000000,0.990050000000,0.052060000000),
double3(0.909000000000,0.955100000000,0.068100000000),
double3(0.878100000000,0.972700000000,0.070600000000),
double3(0.048660000000,0.145860000000,0.246600000000),
double3(0.030800000000,0.163000000000,0.320900000000),
double3(0.044900000000,0.159000000000,0.318100000000),
double3(0.027300000000,0.128100000000,0.320600000000),
double3(0.854140000000,0.298660000000,0.496600000000),
double3(0.837000000000,0.280800000000,0.570900000000),
double3(0.841000000000,0.294900000000,0.568100000000),
double3(0.871900000000,0.277300000000,0.570600000000),
double3(0.701340000000,0.104140000000,0.746600000000),
double3(0.720620000000,0.171930000000,0.671930000000),
double3(0.742800000000,0.160900000000,0.660900000000),
double3(0.719200000000,0.087000000000,0.820900000000),
double3(0.705100000000,0.091000000000,0.818100000000),
double3(0.722700000000,0.121900000000,0.820600000000),
double3(0.753400000000,0.895860000000,0.798660000000),
double3(0.679100000000,0.913000000000,0.780800000000),
double3(0.681900000000,0.909000000000,0.794900000000),
double3(0.679400000000,0.878100000000,0.777300000000),
double3(0.253400000000,0.854140000000,0.451340000000),
double3(0.281290000000,0.868570000000,0.468710000000),
double3(0.328070000000,0.921930000000,0.470620000000),
double3(0.339100000000,0.910900000000,0.492800000000),
double3(0.295640000000,0.905660000000,0.454360000000),
double3(0.179100000000,0.837000000000,0.469200000000),
double3(0.181900000000,0.841000000000,0.455100000000),
double3(0.179400000000,0.871900000000,0.472700000000),
double3(0.145860000000,0.503400000000,0.701340000000),
double3(0.163000000000,0.429100000000,0.719200000000),
double3(0.159000000000,0.431900000000,0.705100000000),
double3(0.128100000000,0.429400000000,0.722700000000),
double3(0.523390000000,0.452960000000,0.952960000000),
double3(0.496600000000,0.395860000000,0.951340000000),
double3(0.565590000000,0.484520000000,0.984520000000),
double3(0.570900000000,0.413000000000,0.969200000000),
double3(0.395600000000,0.375000000000,0.875000000000),
double3(0.552060000000,0.490050000000,0.990050000000),
double3(0.568100000000,0.409000000000,0.955100000000),
double3(0.570600000000,0.378100000000,0.972700000000),
double3(0.104140000000,0.746600000000,0.701340000000),
double3(0.118570000000,0.718710000000,0.718710000000),
double3(0.155660000000,0.704360000000,0.704360000000),
double3(0.087000000000,0.820900000000,0.719200000000),
double3(0.091000000000,0.818100000000,0.705100000000),
double3(0.121900000000,0.820600000000,0.722700000000),
double3(0.523390000000,0.297040000000,0.797040000000),
double3(0.496600000000,0.354140000000,0.798660000000),
double3(0.565590000000,0.265480000000,0.765480000000),
double3(0.570900000000,0.337000000000,0.780800000000),
double3(0.552060000000,0.259950000000,0.759950000000),
double3(0.568100000000,0.341000000000,0.794900000000),
double3(0.570600000000,0.371900000000,0.777300000000),
double3(0.145860000000,0.246600000000,0.048660000000),
double3(0.163000000000,0.320900000000,0.030800000000),
double3(0.159000000000,0.318100000000,0.044900000000),
double3(0.128100000000,0.320600000000,0.027300000000),
double3(0.604140000000,0.003400000000,0.548660000000),
double3(0.671930000000,0.078070000000,0.529380000000),
double3(0.660900000000,0.089100000000,0.507200000000),
double3(0.587000000000,0.929100000000,0.530800000000),
double3(0.591000000000,0.931900000000,0.544900000000),
double3(0.621900000000,0.929400000000,0.527300000000),
double3(0.701340000000,0.246600000000,0.604140000000),
double3(0.719200000000,0.320900000000,0.587000000000),
double3(0.705100000000,0.318100000000,0.591000000000),
double3(0.722700000000,0.320600000000,0.621900000000),
double3(0.753400000000,0.451340000000,0.354140000000),
double3(0.679100000000,0.469200000000,0.337000000000),
double3(0.681900000000,0.455100000000,0.341000000000),
double3(0.679400000000,0.472700000000,0.371900000000),
double3(0.548660000000,0.503400000000,0.104140000000),
double3(0.530800000000,0.429100000000,0.087000000000),
double3(0.544900000000,0.431900000000,0.091000000000),
double3(0.527300000000,0.429400000000,0.121900000000),
double3(0.496600000000,0.298660000000,0.854140000000),
double3(0.570900000000,0.280800000000,0.837000000000),
double3(0.568100000000,0.294900000000,0.841000000000),
double3(0.570600000000,0.277300000000,0.871900000000),
double3(0.701340000000,0.503400000000,0.145860000000),
double3(0.719200000000,0.429100000000,0.163000000000),
double3(0.705100000000,0.431900000000,0.159000000000),
double3(0.722700000000,0.429400000000,0.128100000000),
double3(0.496600000000,0.451340000000,0.895860000000),
double3(0.570900000000,0.469200000000,0.913000000000),
double3(0.568100000000,0.455100000000,0.909000000000),
double3(0.570600000000,0.472700000000,0.878100000000),
double3(0.548660000000,0.246600000000,0.645860000000),
double3(0.530800000000,0.320900000000,0.663000000000),
double3(0.544900000000,0.318100000000,0.659000000000),
double3(0.527300000000,0.320600000000,0.628100000000),
double3(0.753400000000,0.298660000000,0.395860000000),
double3(0.679100000000,0.280800000000,0.413000000000),
double3(0.681900000000,0.294900000000,0.409000000000),
double3(0.679400000000,0.277300000000,0.378100000000),
double3(0.104140000000,0.701340000000,0.746600000000),
double3(0.087000000000,0.719200000000,0.820900000000),
double3(0.091000000000,0.705100000000,0.818100000000),
double3(0.121900000000,0.722700000000,0.820600000000),
double3(0.298660000000,0.854140000000,0.496600000000),
double3(0.280800000000,0.837000000000,0.570900000000),
double3(0.294900000000,0.841000000000,0.568100000000),
double3(0.277300000000,0.871900000000,0.570600000000),
double3(0.145860000000,0.048660000000,0.246600000000),
double3(0.163000000000,0.030800000000,0.320900000000),
double3(0.159000000000,0.044900000000,0.318100000000),
double3(0.128100000000,0.027300000000,0.320600000000),
double3(0.951340000000,0.895860000000,0.996600000000),
double3(0.969200000000,0.913000000000,0.070900000000),
double3(0.955100000000,0.909000000000,0.068100000000),
double3(0.972700000000,0.878100000000,0.070600000000),
double3(0.104140000000,0.048660000000,0.003400000000),
double3(0.087000000000,0.030800000000,0.929100000000),
double3(0.091000000000,0.044900000000,0.931900000000),
double3(0.121900000000,0.027300000000,0.929400000000),
double3(0.951340000000,0.854140000000,0.753400000000),
double3(0.969200000000,0.837000000000,0.679100000000),
double3(0.955100000000,0.841000000000,0.681900000000),
double3(0.972700000000,0.871900000000,0.679400000000),
double3(0.145860000000,0.701340000000,0.503400000000),
double3(0.163000000000,0.719200000000,0.429100000000),
double3(0.159000000000,0.705100000000,0.431900000000),
double3(0.128100000000,0.722700000000,0.429400000000),
double3(0.298660000000,0.895860000000,0.253400000000),
double3(0.280800000000,0.913000000000,0.179100000000),
double3(0.294900000000,0.909000000000,0.181900000000),
double3(0.277300000000,0.878100000000,0.179400000000),
double3(0.246600000000,0.104140000000,0.201340000000),
double3(0.320900000000,0.087000000000,0.219200000000),
double3(0.318100000000,0.091000000000,0.205100000000),
double3(0.320600000000,0.121900000000,0.222700000000),
double3(0.746600000000,0.145860000000,0.548660000000),
double3(0.820900000000,0.163000000000,0.530800000000),
double3(0.818100000000,0.159000000000,0.544900000000),
double3(0.820600000000,0.128100000000,0.527300000000),
double3(0.854140000000,0.496600000000,0.298660000000),
double3(0.837000000000,0.570900000000,0.280800000000),
double3(0.841000000000,0.568100000000,0.294900000000),
double3(0.871900000000,0.570600000000,0.277300000000),
double3(0.503400000000,0.604140000000,0.048660000000),
double3(0.429100000000,0.587000000000,0.030800000000),
double3(0.431900000000,0.591000000000,0.044900000000),
double3(0.429400000000,0.621900000000,0.027300000000),
double3(0.895860000000,0.253400000000,0.298660000000),
double3(0.913000000000,0.179100000000,0.280800000000),
double3(0.909000000000,0.181900000000,0.294900000000),
double3(0.878100000000,0.179400000000,0.277300000000),
double3(0.503400000000,0.645860000000,0.201340000000),
double3(0.429100000000,0.663000000000,0.219200000000),
double3(0.431900000000,0.659000000000,0.205100000000),
double3(0.429400000000,0.628100000000,0.222700000000),
double3(0.854140000000,0.753400000000,0.951340000000),
double3(0.837000000000,0.679100000000,0.969200000000),
double3(0.841000000000,0.681900000000,0.955100000000),
double3(0.871900000000,0.679400000000,0.972700000000),
double3(0.395860000000,0.996600000000,0.451340000000),
double3(0.413000000000,0.070900000000,0.469200000000),
double3(0.409000000000,0.068100000000,0.455100000000),
double3(0.378100000000,0.070600000000,0.472700000000),
