[double3(6.841900000000,0.000000000000,0.000000000000),double3(0.000000000000,12.087700000000,0.000000000000),double3(-7.643241908996,0.000000000000,11.975796512991)]

double3(0.125000000000,0.250000000000,0.000000000000),
double3(0.000000000000,0.250000000000,0.000000000000),
double3(0.045030000000,0.258655000000,0.470075000000),
double3(0.061762500000,0.200075000000,0.057955000000),
double3(0.134610000000,0.184385000000,0.042190000000),
double3(0.112650000000,0.046650000000,0.189835000000),
double3(0.195690000000,0.056670000000,0.199710000000),
double3(0.107442500000,0.173495000000,0.066910000000),
double3(0.138610000000,0.132480000000,0.111015000000),
double3(0.113945000000,0.113960000000,0.136905000000),
double3(0.144672500000,0.070495000000,0.180200000000),
double3(0.182420000000,0.116085000000,0.121530000000),
double3(0.069430000000,0.128935000000,0.125810000000),
double3(0.019262500000,0.237210000000,0.434670000000),
double3(0.125000000000,0.000000000000,0.250000000000),
double3(0.000000000000,0.000000000000,0.250000000000),
double3(0.204970000000,0.008655000000,0.279925000000),
double3(0.188237500000,0.450075000000,0.192045000000),
double3(0.115390000000,0.434385000000,0.207810000000),
double3(0.137350000000,0.296650000000,0.060165000000),
double3(0.054310000000,0.306670000000,0.050290000000),
double3(0.142557500000,0.423495000000,0.183090000000),
double3(0.111390000000,0.382480000000,0.138985000000),
double3(0.136055000000,0.363960000000,0.113095000000),
double3(0.105327500000,0.320495000000,0.069800000000),
double3(0.067580000000,0.366085000000,0.128470000000),
double3(0.180570000000,0.378935000000,0.124190000000),
double3(0.230737500000,0.487210000000,0.315330000000),
double3(0.204970000000,0.241345000000,0.029925000000),
double3(0.188237500000,0.299925000000,0.442045000000),
double3(0.115390000000,0.315615000000,0.457810000000),
double3(0.137350000000,0.453350000000,0.310165000000),
double3(0.054310000000,0.443330000000,0.300290000000),
double3(0.142557500000,0.326505000000,0.433090000000),
double3(0.111390000000,0.367520000000,0.388985000000),
double3(0.136055000000,0.386040000000,0.363095000000),
double3(0.105327500000,0.429505000000,0.319800000000),
double3(0.067580000000,0.383915000000,0.378470000000),
double3(0.180570000000,0.371065000000,0.374190000000),
double3(0.230737500000,0.262790000000,0.065330000000),
double3(0.045030000000,0.491345000000,0.220075000000),
double3(0.061762500000,0.049925000000,0.307955000000),
double3(0.134610000000,0.065615000000,0.292190000000),
double3(0.112650000000,0.203350000000,0.439835000000),
double3(0.195690000000,0.193330000000,0.449710000000),
double3(0.107442500000,0.076505000000,0.316910000000),
double3(0.138610000000,0.117520000000,0.361015000000),
double3(0.113945000000,0.136040000000,0.386905000000),
double3(0.144672500000,0.179505000000,0.430200000000),
double3(0.182420000000,0.133915000000,0.371530000000),
double3(0.069430000000,0.121065000000,0.375810000000),
double3(0.019262500000,0.012790000000,0.184670000000),
double3(0.125000000000,0.250000000000,0.500000000000),
double3(0.000000000000,0.250000000000,0.500000000000),
double3(0.045030000000,0.258655000000,0.970075000000),
double3(0.061762500000,0.200075000000,0.557955000000),
double3(0.134610000000,0.184385000000,0.542190000000),
double3(0.112650000000,0.046650000000,0.689835000000),
double3(0.195690000000,0.056670000000,0.699710000000),
double3(0.107442500000,0.173495000000,0.566910000000),
double3(0.138610000000,0.132480000000,0.611015000000),
double3(0.113945000000,0.113960000000,0.636905000000),
double3(0.144672500000,0.070495000000,0.680200000000),
double3(0.182420000000,0.116085000000,0.621530000000),
double3(0.069430000000,0.128935000000,0.625810000000),
double3(0.019262500000,0.237210000000,0.934670000000),
double3(0.125000000000,0.000000000000,0.750000000000),
double3(0.000000000000,0.000000000000,0.750000000000),
double3(0.204970000000,0.008655000000,0.779925000000),
double3(0.188237500000,0.450075000000,0.692045000000),
double3(0.115390000000,0.434385000000,0.707810000000),
double3(0.137350000000,0.296650000000,0.560165000000),
double3(0.054310000000,0.306670000000,0.550290000000),
double3(0.142557500000,0.423495000000,0.683090000000),
double3(0.111390000000,0.382480000000,0.638985000000),
double3(0.136055000000,0.363960000000,0.613095000000),
double3(0.105327500000,0.320495000000,0.569800000000),
double3(0.067580000000,0.366085000000,0.628470000000),
double3(0.180570000000,0.378935000000,0.624190000000),
double3(0.230737500000,0.487210000000,0.815330000000),
double3(0.204970000000,0.241345000000,0.529925000000),
double3(0.188237500000,0.299925000000,0.942045000000),
double3(0.115390000000,0.315615000000,0.957810000000),
double3(0.137350000000,0.453350000000,0.810165000000),
double3(0.054310000000,0.443330000000,0.800290000000),
double3(0.142557500000,0.326505000000,0.933090000000),
double3(0.111390000000,0.367520000000,0.888985000000),
double3(0.136055000000,0.386040000000,0.863095000000),
double3(0.105327500000,0.429505000000,0.819800000000),
double3(0.067580000000,0.383915000000,0.878470000000),
double3(0.180570000000,0.371065000000,0.874190000000),
double3(0.230737500000,0.262790000000,0.565330000000),
double3(0.045030000000,0.491345000000,0.720075000000),
double3(0.061762500000,0.049925000000,0.807955000000),
double3(0.134610000000,0.065615000000,0.792190000000),
double3(0.112650000000,0.203350000000,0.939835000000),
double3(0.195690000000,0.193330000000,0.949710000000),
double3(0.107442500000,0.076505000000,0.816910000000),
double3(0.138610000000,0.117520000000,0.861015000000),
double3(0.113945000000,0.136040000000,0.886905000000),
double3(0.144672500000,0.179505000000,0.930200000000),
double3(0.182420000000,0.133915000000,0.871530000000),
double3(0.069430000000,0.121065000000,0.875810000000),
double3(0.019262500000,0.012790000000,0.684670000000),
double3(0.125000000000,0.750000000000,0.000000000000),
double3(0.000000000000,0.750000000000,0.000000000000),
double3(0.045030000000,0.758655000000,0.470075000000),
double3(0.061762500000,0.700075000000,0.057955000000),
double3(0.134610000000,0.684385000000,0.042190000000),
double3(0.112650000000,0.546650000000,0.189835000000),
double3(0.195690000000,0.556670000000,0.199710000000),
double3(0.107442500000,0.673495000000,0.066910000000),
double3(0.138610000000,0.632480000000,0.111015000000),
double3(0.113945000000,0.613960000000,0.136905000000),
double3(0.144672500000,0.570495000000,0.180200000000),
double3(0.182420000000,0.616085000000,0.121530000000),
double3(0.069430000000,0.628935000000,0.125810000000),
double3(0.019262500000,0.737210000000,0.434670000000),
double3(0.125000000000,0.500000000000,0.250000000000),
double3(0.000000000000,0.500000000000,0.250000000000),
double3(0.204970000000,0.508655000000,0.279925000000),
double3(0.188237500000,0.950075000000,0.192045000000),
double3(0.115390000000,0.934385000000,0.207810000000),
double3(0.137350000000,0.796650000000,0.060165000000),
double3(0.054310000000,0.806670000000,0.050290000000),
double3(0.142557500000,0.923495000000,0.183090000000),
double3(0.111390000000,0.882480000000,0.138985000000),
double3(0.136055000000,0.863960000000,0.113095000000),
double3(0.105327500000,0.820495000000,0.069800000000),
double3(0.067580000000,0.866085000000,0.128470000000),
double3(0.180570000000,0.878935000000,0.124190000000),
double3(0.230737500000,0.987210000000,0.315330000000),
double3(0.204970000000,0.741345000000,0.029925000000),
double3(0.188237500000,0.799925000000,0.442045000000),
double3(0.115390000000,0.815615000000,0.457810000000),
double3(0.137350000000,0.953350000000,0.310165000000),
double3(0.054310000000,0.943330000000,0.300290000000),
double3(0.142557500000,0.826505000000,0.433090000000),
double3(0.111390000000,0.867520000000,0.388985000000),
double3(0.136055000000,0.886040000000,0.363095000000),
double3(0.105327500000,0.929505000000,0.319800000000),
double3(0.067580000000,0.883915000000,0.378470000000),
double3(0.180570000000,0.871065000000,0.374190000000),
double3(0.230737500000,0.762790000000,0.065330000000),
double3(0.045030000000,0.991345000000,0.220075000000),
double3(0.061762500000,0.549925000000,0.307955000000),
double3(0.134610000000,0.565615000000,0.292190000000),
double3(0.112650000000,0.703350000000,0.439835000000),
double3(0.195690000000,0.693330000000,0.449710000000),
double3(0.107442500000,0.576505000000,0.316910000000),
double3(0.138610000000,0.617520000000,0.361015000000),
double3(0.113945000000,0.636040000000,0.386905000000),
double3(0.144672500000,0.679505000000,0.430200000000),
double3(0.182420000000,0.633915000000,0.371530000000),
double3(0.069430000000,0.621065000000,0.375810000000),
double3(0.019262500000,0.512790000000,0.184670000000),
double3(0.125000000000,0.750000000000,0.500000000000),
double3(0.000000000000,0.750000000000,0.500000000000),
double3(0.045030000000,0.758655000000,0.970075000000),
double3(0.061762500000,0.700075000000,0.557955000000),
double3(0.134610000000,0.684385000000,0.542190000000),
double3(0.112650000000,0.546650000000,0.689835000000),
double3(0.195690000000,0.556670000000,0.699710000000),
double3(0.107442500000,0.673495000000,0.566910000000),
double3(0.138610000000,0.632480000000,0.611015000000),
double3(0.113945000000,0.613960000000,0.636905000000),
double3(0.144672500000,0.570495000000,0.680200000000),
double3(0.182420000000,0.616085000000,0.621530000000),
double3(0.069430000000,0.628935000000,0.625810000000),
double3(0.019262500000,0.737210000000,0.934670000000),
double3(0.125000000000,0.500000000000,0.750000000000),
double3(0.000000000000,0.500000000000,0.750000000000),
double3(0.204970000000,0.508655000000,0.779925000000),
double3(0.188237500000,0.950075000000,0.692045000000),
double3(0.115390000000,0.934385000000,0.707810000000),
double3(0.137350000000,0.796650000000,0.560165000000),
double3(0.054310000000,0.806670000000,0.550290000000),
double3(0.142557500000,0.923495000000,0.683090000000),
double3(0.111390000000,0.882480000000,0.638985000000),
double3(0.136055000000,0.863960000000,0.613095000000),
double3(0.105327500000,0.820495000000,0.569800000000),
double3(0.067580000000,0.866085000000,0.628470000000),
double3(0.180570000000,0.878935000000,0.624190000000),
double3(0.230737500000,0.987210000000,0.815330000000),
double3(0.204970000000,0.741345000000,0.529925000000),
double3(0.188237500000,0.799925000000,0.942045000000),
double3(0.115390000000,0.815615000000,0.957810000000),
double3(0.137350000000,0.953350000000,0.810165000000),
double3(0.054310000000,0.943330000000,0.800290000000),
double3(0.142557500000,0.826505000000,0.933090000000),
double3(0.111390000000,0.867520000000,0.888985000000),
double3(0.136055000000,0.886040000000,0.863095000000),
double3(0.105327500000,0.929505000000,0.819800000000),
double3(0.067580000000,0.883915000000,0.878470000000),
double3(0.180570000000,0.871065000000,0.874190000000),
double3(0.230737500000,0.762790000000,0.565330000000),
double3(0.045030000000,0.991345000000,0.720075000000),
double3(0.061762500000,0.549925000000,0.807955000000),
double3(0.134610000000,0.565615000000,0.792190000000),
double3(0.112650000000,0.703350000000,0.939835000000),
double3(0.195690000000,0.693330000000,0.949710000000),
double3(0.107442500000,0.576505000000,0.816910000000),
double3(0.138610000000,0.617520000000,0.861015000000),
double3(0.113945000000,0.636040000000,0.886905000000),
double3(0.144672500000,0.679505000000,0.930200000000),
double3(0.182420000000,0.633915000000,0.871530000000),
double3(0.069430000000,0.621065000000,0.875810000000),
double3(0.019262500000,0.512790000000,0.684670000000),
double3(0.375000000000,0.250000000000,0.000000000000),
double3(0.250000000000,0.250000000000,0.000000000000),
double3(0.295030000000,0.258655000000,0.470075000000),
double3(0.311762500000,0.200075000000,0.057955000000),
double3(0.384610000000,0.184385000000,0.042190000000),
double3(0.362650000000,0.046650000000,0.189835000000),
double3(0.445690000000,0.056670000000,0.199710000000),
double3(0.357442500000,0.173495000000,0.066910000000),
double3(0.388610000000,0.132480000000,0.111015000000),
double3(0.363945000000,0.113960000000,0.136905000000),
double3(0.394672500000,0.070495000000,0.180200000000),
double3(0.432420000000,0.116085000000,0.121530000000),
double3(0.319430000000,0.128935000000,0.125810000000),
double3(0.269262500000,0.237210000000,0.434670000000),
double3(0.375000000000,0.000000000000,0.250000000000),
double3(0.250000000000,0.000000000000,0.250000000000),
double3(0.454970000000,0.008655000000,0.279925000000),
double3(0.438237500000,0.450075000000,0.192045000000),
double3(0.365390000000,0.434385000000,0.207810000000),
double3(0.387350000000,0.296650000000,0.060165000000),
double3(0.304310000000,0.306670000000,0.050290000000),
double3(0.392557500000,0.423495000000,0.183090000000),
double3(0.361390000000,0.382480000000,0.138985000000),
double3(0.386055000000,0.363960000000,0.113095000000),
double3(0.355327500000,0.320495000000,0.069800000000),
double3(0.317580000000,0.366085000000,0.128470000000),
double3(0.430570000000,0.378935000000,0.124190000000),
double3(0.480737500000,0.487210000000,0.315330000000),
double3(0.454970000000,0.241345000000,0.029925000000),
double3(0.438237500000,0.299925000000,0.442045000000),
double3(0.365390000000,0.315615000000,0.457810000000),
double3(0.387350000000,0.453350000000,0.310165000000),
double3(0.304310000000,0.443330000000,0.300290000000),
double3(0.392557500000,0.326505000000,0.433090000000),
double3(0.361390000000,0.367520000000,0.388985000000),
double3(0.386055000000,0.386040000000,0.363095000000),
double3(0.355327500000,0.429505000000,0.319800000000),
double3(0.317580000000,0.383915000000,0.378470000000),
double3(0.430570000000,0.371065000000,0.374190000000),
double3(0.480737500000,0.262790000000,0.065330000000),
double3(0.295030000000,0.491345000000,0.220075000000),
double3(0.311762500000,0.049925000000,0.307955000000),
double3(0.384610000000,0.065615000000,0.292190000000),
double3(0.362650000000,0.203350000000,0.439835000000),
double3(0.445690000000,0.193330000000,0.449710000000),
double3(0.357442500000,0.076505000000,0.316910000000),
double3(0.388610000000,0.117520000000,0.361015000000),
double3(0.363945000000,0.136040000000,0.386905000000),
double3(0.394672500000,0.179505000000,0.430200000000),
double3(0.432420000000,0.133915000000,0.371530000000),
double3(0.319430000000,0.121065000000,0.375810000000),
double3(0.269262500000,0.012790000000,0.184670000000),
double3(0.375000000000,0.250000000000,0.500000000000),
double3(0.250000000000,0.250000000000,0.500000000000),
double3(0.295030000000,0.258655000000,0.970075000000),
double3(0.311762500000,0.200075000000,0.557955000000),
double3(0.384610000000,0.184385000000,0.542190000000),
double3(0.362650000000,0.046650000000,0.689835000000),
double3(0.445690000000,0.056670000000,0.699710000000),
double3(0.357442500000,0.173495000000,0.566910000000),
double3(0.388610000000,0.132480000000,0.611015000000),
double3(0.363945000000,0.113960000000,0.636905000000),
double3(0.394672500000,0.070495000000,0.680200000000),
double3(0.432420000000,0.116085000000,0.621530000000),
double3(0.319430000000,0.128935000000,0.625810000000),
double3(0.269262500000,0.237210000000,0.934670000000),
double3(0.375000000000,0.000000000000,0.750000000000),
double3(0.250000000000,0.000000000000,0.750000000000),
double3(0.454970000000,0.008655000000,0.779925000000),
double3(0.438237500000,0.450075000000,0.692045000000),
double3(0.365390000000,0.434385000000,0.707810000000),
double3(0.387350000000,0.296650000000,0.560165000000),
double3(0.304310000000,0.306670000000,0.550290000000),
double3(0.392557500000,0.423495000000,0.683090000000),
double3(0.361390000000,0.382480000000,0.638985000000),
double3(0.386055000000,0.363960000000,0.613095000000),
double3(0.355327500000,0.320495000000,0.569800000000),
double3(0.317580000000,0.366085000000,0.628470000000),
double3(0.430570000000,0.378935000000,0.624190000000),
double3(0.480737500000,0.487210000000,0.815330000000),
double3(0.454970000000,0.241345000000,0.529925000000),
double3(0.438237500000,0.299925000000,0.942045000000),
double3(0.365390000000,0.315615000000,0.957810000000),
double3(0.387350000000,0.453350000000,0.810165000000),
double3(0.304310000000,0.443330000000,0.800290000000),
double3(0.392557500000,0.326505000000,0.933090000000),
double3(0.361390000000,0.367520000000,0.888985000000),
double3(0.386055000000,0.386040000000,0.863095000000),
double3(0.355327500000,0.429505000000,0.819800000000),
double3(0.317580000000,0.383915000000,0.878470000000),
double3(0.430570000000,0.371065000000,0.874190000000),
double3(0.480737500000,0.262790000000,0.565330000000),
double3(0.295030000000,0.491345000000,0.720075000000),
double3(0.311762500000,0.049925000000,0.807955000000),
double3(0.384610000000,0.065615000000,0.792190000000),
double3(0.362650000000,0.203350000000,0.939835000000),
double3(0.445690000000,0.193330000000,0.949710000000),
double3(0.357442500000,0.076505000000,0.816910000000),
double3(0.388610000000,0.117520000000,0.861015000000),
double3(0.363945000000,0.136040000000,0.886905000000),
double3(0.394672500000,0.179505000000,0.930200000000),
double3(0.432420000000,0.133915000000,0.871530000000),
double3(0.319430000000,0.121065000000,0.875810000000),
double3(0.269262500000,0.012790000000,0.684670000000),
double3(0.375000000000,0.750000000000,0.000000000000),
double3(0.250000000000,0.750000000000,0.000000000000),
double3(0.295030000000,0.758655000000,0.470075000000),
double3(0.311762500000,0.700075000000,0.057955000000),
double3(0.384610000000,0.684385000000,0.042190000000),
double3(0.362650000000,0.546650000000,0.189835000000),
double3(0.445690000000,0.556670000000,0.199710000000),
double3(0.357442500000,0.673495000000,0.066910000000),
double3(0.388610000000,0.632480000000,0.111015000000),
double3(0.363945000000,0.613960000000,0.136905000000),
double3(0.394672500000,0.570495000000,0.180200000000),
double3(0.432420000000,0.616085000000,0.121530000000),
double3(0.319430000000,0.628935000000,0.125810000000),
double3(0.269262500000,0.737210000000,0.434670000000),
double3(0.375000000000,0.500000000000,0.250000000000),
double3(0.250000000000,0.500000000000,0.250000000000),
double3(0.454970000000,0.508655000000,0.279925000000),
double3(0.438237500000,0.950075000000,0.192045000000),
double3(0.365390000000,0.934385000000,0.207810000000),
double3(0.387350000000,0.796650000000,0.060165000000),
double3(0.304310000000,0.806670000000,0.050290000000),
double3(0.392557500000,0.923495000000,0.183090000000),
double3(0.361390000000,0.882480000000,0.138985000000),
double3(0.386055000000,0.863960000000,0.113095000000),
double3(0.355327500000,0.820495000000,0.069800000000),
double3(0.317580000000,0.866085000000,0.128470000000),
double3(0.430570000000,0.878935000000,0.124190000000),
double3(0.480737500000,0.987210000000,0.315330000000),
double3(0.454970000000,0.741345000000,0.029925000000),
double3(0.438237500000,0.799925000000,0.442045000000),
double3(0.365390000000,0.815615000000,0.457810000000),
double3(0.387350000000,0.953350000000,0.310165000000),
double3(0.304310000000,0.943330000000,0.300290000000),
double3(0.392557500000,0.826505000000,0.433090000000),
double3(0.361390000000,0.867520000000,0.388985000000),
double3(0.386055000000,0.886040000000,0.363095000000),
double3(0.355327500000,0.929505000000,0.319800000000),
double3(0.317580000000,0.883915000000,0.378470000000),
double3(0.430570000000,0.871065000000,0.374190000000),
double3(0.480737500000,0.762790000000,0.065330000000),
double3(0.295030000000,0.991345000000,0.220075000000),
double3(0.311762500000,0.549925000000,0.307955000000),
double3(0.384610000000,0.565615000000,0.292190000000),
double3(0.362650000000,0.703350000000,0.439835000000),
double3(0.445690000000,0.693330000000,0.449710000000),
double3(0.357442500000,0.576505000000,0.316910000000),
double3(0.388610000000,0.617520000000,0.361015000000),
double3(0.363945000000,0.636040000000,0.386905000000),
double3(0.394672500000,0.679505000000,0.430200000000),
double3(0.432420000000,0.633915000000,0.371530000000),
double3(0.319430000000,0.621065000000,0.375810000000),
double3(0.269262500000,0.512790000000,0.184670000000),
double3(0.375000000000,0.750000000000,0.500000000000),
double3(0.250000000000,0.750000000000,0.500000000000),
double3(0.295030000000,0.758655000000,0.970075000000),
double3(0.311762500000,0.700075000000,0.557955000000),
double3(0.384610000000,0.684385000000,0.542190000000),
double3(0.362650000000,0.546650000000,0.689835000000),
double3(0.445690000000,0.556670000000,0.699710000000),
double3(0.357442500000,0.673495000000,0.566910000000),
double3(0.388610000000,0.632480000000,0.611015000000),
double3(0.363945000000,0.613960000000,0.636905000000),
double3(0.394672500000,0.570495000000,0.680200000000),
double3(0.432420000000,0.616085000000,0.621530000000),
double3(0.319430000000,0.628935000000,0.625810000000),
double3(0.269262500000,0.737210000000,0.934670000000),
double3(0.375000000000,0.500000000000,0.750000000000),
double3(0.250000000000,0.500000000000,0.750000000000),
double3(0.454970000000,0.508655000000,0.779925000000),
double3(0.438237500000,0.950075000000,0.692045000000),
double3(0.365390000000,0.934385000000,0.707810000000),
double3(0.387350000000,0.796650000000,0.560165000000),
double3(0.304310000000,0.806670000000,0.550290000000),
double3(0.392557500000,0.923495000000,0.683090000000),
double3(0.361390000000,0.882480000000,0.638985000000),
double3(0.386055000000,0.863960000000,0.613095000000),
double3(0.355327500000,0.820495000000,0.569800000000),
double3(0.317580000000,0.866085000000,0.628470000000),
double3(0.430570000000,0.878935000000,0.624190000000),
double3(0.480737500000,0.987210000000,0.815330000000),
double3(0.454970000000,0.741345000000,0.529925000000),
double3(0.438237500000,0.799925000000,0.942045000000),
double3(0.365390000000,0.815615000000,0.957810000000),
double3(0.387350000000,0.953350000000,0.810165000000),
double3(0.304310000000,0.943330000000,0.800290000000),
double3(0.392557500000,0.826505000000,0.933090000000),
double3(0.361390000000,0.867520000000,0.888985000000),
double3(0.386055000000,0.886040000000,0.863095000000),
double3(0.355327500000,0.929505000000,0.819800000000),
double3(0.317580000000,0.883915000000,0.878470000000),
double3(0.430570000000,0.871065000000,0.874190000000),
double3(0.480737500000,0.762790000000,0.565330000000),
double3(0.295030000000,0.991345000000,0.720075000000),
double3(0.311762500000,0.549925000000,0.807955000000),
double3(0.384610000000,0.565615000000,0.792190000000),
double3(0.362650000000,0.703350000000,0.939835000000),
double3(0.445690000000,0.693330000000,0.949710000000),
double3(0.357442500000,0.576505000000,0.816910000000),
double3(0.388610000000,0.617520000000,0.861015000000),
double3(0.363945000000,0.636040000000,0.886905000000),
double3(0.394672500000,0.679505000000,0.930200000000),
double3(0.432420000000,0.633915000000,0.871530000000),
double3(0.319430000000,0.621065000000,0.875810000000),
double3(0.269262500000,0.512790000000,0.684670000000),
double3(0.625000000000,0.250000000000,0.000000000000),
double3(0.500000000000,0.250000000000,0.000000000000),
double3(0.545030000000,0.258655000000,0.470075000000),
double3(0.561762500000,0.200075000000,0.057955000000),
double3(0.634610000000,0.184385000000,0.042190000000),
double3(0.612650000000,0.046650000000,0.189835000000),
double3(0.695690000000,0.056670000000,0.199710000000),
double3(0.607442500000,0.173495000000,0.066910000000),
double3(0.638610000000,0.132480000000,0.111015000000),
double3(0.613945000000,0.113960000000,0.136905000000),
double3(0.644672500000,0.070495000000,0.180200000000),
double3(0.682420000000,0.116085000000,0.121530000000),
double3(0.569430000000,0.128935000000,0.125810000000),
double3(0.519262500000,0.237210000000,0.434670000000),
double3(0.625000000000,0.000000000000,0.250000000000),
double3(0.500000000000,0.000000000000,0.250000000000),
double3(0.704970000000,0.008655000000,0.279925000000),
double3(0.688237500000,0.450075000000,0.192045000000),
double3(0.615390000000,0.434385000000,0.207810000000),
double3(0.637350000000,0.296650000000,0.060165000000),
double3(0.554310000000,0.306670000000,0.050290000000),
double3(0.642557500000,0.423495000000,0.183090000000),
double3(0.611390000000,0.382480000000,0.138985000000),
double3(0.636055000000,0.363960000000,0.113095000000),
double3(0.605327500000,0.320495000000,0.069800000000),
double3(0.567580000000,0.366085000000,0.128470000000),
double3(0.680570000000,0.378935000000,0.124190000000),
double3(0.730737500000,0.487210000000,0.315330000000),
double3(0.704970000000,0.241345000000,0.029925000000),
double3(0.688237500000,0.299925000000,0.442045000000),
double3(0.615390000000,0.315615000000,0.457810000000),
double3(0.637350000000,0.453350000000,0.310165000000),
double3(0.554310000000,0.443330000000,0.300290000000),
double3(0.642557500000,0.326505000000,0.433090000000),
double3(0.611390000000,0.367520000000,0.388985000000),
double3(0.636055000000,0.386040000000,0.363095000000),
double3(0.605327500000,0.429505000000,0.319800000000),
double3(0.567580000000,0.383915000000,0.378470000000),
double3(0.680570000000,0.371065000000,0.374190000000),
double3(0.730737500000,0.262790000000,0.065330000000),
double3(0.545030000000,0.491345000000,0.220075000000),
double3(0.561762500000,0.049925000000,0.307955000000),
double3(0.634610000000,0.065615000000,0.292190000000),
double3(0.612650000000,0.203350000000,0.439835000000),
double3(0.695690000000,0.193330000000,0.449710000000),
double3(0.607442500000,0.076505000000,0.316910000000),
double3(0.638610000000,0.117520000000,0.361015000000),
double3(0.613945000000,0.136040000000,0.386905000000),
double3(0.644672500000,0.179505000000,0.430200000000),
double3(0.682420000000,0.133915000000,0.371530000000),
double3(0.569430000000,0.121065000000,0.375810000000),
double3(0.519262500000,0.012790000000,0.184670000000),
double3(0.625000000000,0.250000000000,0.500000000000),
double3(0.500000000000,0.250000000000,0.500000000000),
double3(0.545030000000,0.258655000000,0.970075000000),
double3(0.561762500000,0.200075000000,0.557955000000),
double3(0.634610000000,0.184385000000,0.542190000000),
double3(0.612650000000,0.046650000000,0.689835000000),
double3(0.695690000000,0.056670000000,0.699710000000),
double3(0.607442500000,0.173495000000,0.566910000000),
double3(0.638610000000,0.132480000000,0.611015000000),
double3(0.613945000000,0.113960000000,0.636905000000),
double3(0.644672500000,0.070495000000,0.680200000000),
double3(0.682420000000,0.116085000000,0.621530000000),
double3(0.569430000000,0.128935000000,0.625810000000),
double3(0.519262500000,0.237210000000,0.934670000000),
double3(0.625000000000,0.000000000000,0.750000000000),
double3(0.500000000000,0.000000000000,0.750000000000),
double3(0.704970000000,0.008655000000,0.779925000000),
double3(0.688237500000,0.450075000000,0.692045000000),
double3(0.615390000000,0.434385000000,0.707810000000),
double3(0.637350000000,0.296650000000,0.560165000000),
double3(0.554310000000,0.306670000000,0.550290000000),
double3(0.642557500000,0.423495000000,0.683090000000),
double3(0.611390000000,0.382480000000,0.638985000000),
double3(0.636055000000,0.363960000000,0.613095000000),
double3(0.605327500000,0.320495000000,0.569800000000),
double3(0.567580000000,0.366085000000,0.628470000000),
double3(0.680570000000,0.378935000000,0.624190000000),
double3(0.730737500000,0.487210000000,0.815330000000),
double3(0.704970000000,0.241345000000,0.529925000000),
double3(0.688237500000,0.299925000000,0.942045000000),
double3(0.615390000000,0.315615000000,0.957810000000),
double3(0.637350000000,0.453350000000,0.810165000000),
double3(0.554310000000,0.443330000000,0.800290000000),
double3(0.642557500000,0.326505000000,0.933090000000),
double3(0.611390000000,0.367520000000,0.888985000000),
double3(0.636055000000,0.386040000000,0.863095000000),
double3(0.605327500000,0.429505000000,0.819800000000),
double3(0.567580000000,0.383915000000,0.878470000000),
double3(0.680570000000,0.371065000000,0.874190000000),
double3(0.730737500000,0.262790000000,0.565330000000),
double3(0.545030000000,0.491345000000,0.720075000000),
double3(0.561762500000,0.049925000000,0.807955000000),
double3(0.634610000000,0.065615000000,0.792190000000),
double3(0.612650000000,0.203350000000,0.939835000000),
double3(0.695690000000,0.193330000000,0.949710000000),
double3(0.607442500000,0.076505000000,0.816910000000),
double3(0.638610000000,0.117520000000,0.861015000000),
double3(0.613945000000,0.136040000000,0.886905000000),
double3(0.644672500000,0.179505000000,0.930200000000),
double3(0.682420000000,0.133915000000,0.871530000000),
double3(0.569430000000,0.121065000000,0.875810000000),
double3(0.519262500000,0.012790000000,0.684670000000),
double3(0.625000000000,0.750000000000,0.000000000000),
double3(0.500000000000,0.750000000000,0.000000000000),
double3(0.545030000000,0.758655000000,0.470075000000),
double3(0.561762500000,0.700075000000,0.057955000000),
double3(0.634610000000,0.684385000000,0.042190000000),
double3(0.612650000000,0.546650000000,0.189835000000),
double3(0.695690000000,0.556670000000,0.199710000000),
double3(0.607442500000,0.673495000000,0.066910000000),
double3(0.638610000000,0.632480000000,0.111015000000),
double3(0.613945000000,0.613960000000,0.136905000000),
double3(0.644672500000,0.570495000000,0.180200000000),
double3(0.682420000000,0.616085000000,0.121530000000),
double3(0.569430000000,0.628935000000,0.125810000000),
double3(0.519262500000,0.737210000000,0.434670000000),
double3(0.625000000000,0.500000000000,0.250000000000),
double3(0.500000000000,0.500000000000,0.250000000000),
double3(0.704970000000,0.508655000000,0.279925000000),
double3(0.688237500000,0.950075000000,0.192045000000),
double3(0.615390000000,0.934385000000,0.207810000000),
double3(0.637350000000,0.796650000000,0.060165000000),
double3(0.554310000000,0.806670000000,0.050290000000),
double3(0.642557500000,0.923495000000,0.183090000000),
double3(0.611390000000,0.882480000000,0.138985000000),
double3(0.636055000000,0.863960000000,0.113095000000),
double3(0.605327500000,0.820495000000,0.069800000000),
double3(0.567580000000,0.866085000000,0.128470000000),
double3(0.680570000000,0.878935000000,0.124190000000),
double3(0.730737500000,0.987210000000,0.315330000000),
double3(0.704970000000,0.741345000000,0.029925000000),
double3(0.688237500000,0.799925000000,0.442045000000),
double3(0.615390000000,0.815615000000,0.457810000000),
double3(0.637350000000,0.953350000000,0.310165000000),
double3(0.554310000000,0.943330000000,0.300290000000),
double3(0.642557500000,0.826505000000,0.433090000000),
double3(0.611390000000,0.867520000000,0.388985000000),
double3(0.636055000000,0.886040000000,0.363095000000),
double3(0.605327500000,0.929505000000,0.319800000000),
double3(0.567580000000,0.883915000000,0.378470000000),
double3(0.680570000000,0.871065000000,0.374190000000),
double3(0.730737500000,0.762790000000,0.065330000000),
double3(0.545030000000,0.991345000000,0.220075000000),
double3(0.561762500000,0.549925000000,0.307955000000),
double3(0.634610000000,0.565615000000,0.292190000000),
double3(0.612650000000,0.703350000000,0.439835000000),
double3(0.695690000000,0.693330000000,0.449710000000),
double3(0.607442500000,0.576505000000,0.316910000000),
double3(0.638610000000,0.617520000000,0.361015000000),
double3(0.613945000000,0.636040000000,0.386905000000),
double3(0.644672500000,0.679505000000,0.430200000000),
double3(0.682420000000,0.633915000000,0.371530000000),
double3(0.569430000000,0.621065000000,0.375810000000),
double3(0.519262500000,0.512790000000,0.184670000000),
double3(0.625000000000,0.750000000000,0.500000000000),
double3(0.500000000000,0.750000000000,0.500000000000),
double3(0.545030000000,0.758655000000,0.970075000000),
double3(0.561762500000,0.700075000000,0.557955000000),
double3(0.634610000000,0.684385000000,0.542190000000),
double3(0.612650000000,0.546650000000,0.689835000000),
double3(0.695690000000,0.556670000000,0.699710000000),
double3(0.607442500000,0.673495000000,0.566910000000),
double3(0.638610000000,0.632480000000,0.611015000000),
double3(0.613945000000,0.613960000000,0.636905000000),
double3(0.644672500000,0.570495000000,0.680200000000),
double3(0.682420000000,0.616085000000,0.621530000000),
double3(0.569430000000,0.628935000000,0.625810000000),
double3(0.519262500000,0.737210000000,0.934670000000),
double3(0.625000000000,0.500000000000,0.750000000000),
double3(0.500000000000,0.500000000000,0.750000000000),
double3(0.704970000000,0.508655000000,0.779925000000),
double3(0.688237500000,0.950075000000,0.692045000000),
double3(0.615390000000,0.934385000000,0.707810000000),
double3(0.637350000000,0.796650000000,0.560165000000),
double3(0.554310000000,0.806670000000,0.550290000000),
double3(0.642557500000,0.923495000000,0.683090000000),
double3(0.611390000000,0.882480000000,0.638985000000),
double3(0.636055000000,0.863960000000,0.613095000000),
double3(0.605327500000,0.820495000000,0.569800000000),
double3(0.567580000000,0.866085000000,0.628470000000),
double3(0.680570000000,0.878935000000,0.624190000000),
double3(0.730737500000,0.987210000000,0.815330000000),
double3(0.704970000000,0.741345000000,0.529925000000),
double3(0.688237500000,0.799925000000,0.942045000000),
double3(0.615390000000,0.815615000000,0.957810000000),
double3(0.637350000000,0.953350000000,0.810165000000),
double3(0.554310000000,0.943330000000,0.800290000000),
double3(0.642557500000,0.826505000000,0.933090000000),
double3(0.611390000000,0.867520000000,0.888985000000),
double3(0.636055000000,0.886040000000,0.863095000000),
double3(0.605327500000,0.929505000000,0.819800000000),
double3(0.567580000000,0.883915000000,0.878470000000),
double3(0.680570000000,0.871065000000,0.874190000000),
double3(0.730737500000,0.762790000000,0.565330000000),
double3(0.545030000000,0.991345000000,0.720075000000),
double3(0.561762500000,0.549925000000,0.807955000000),
double3(0.634610000000,0.565615000000,0.792190000000),
double3(0.612650000000,0.703350000000,0.939835000000),
double3(0.695690000000,0.693330000000,0.949710000000),
double3(0.607442500000,0.576505000000,0.816910000000),
double3(0.638610000000,0.617520000000,0.861015000000),
double3(0.613945000000,0.636040000000,0.886905000000),
double3(0.644672500000,0.679505000000,0.930200000000),
double3(0.682420000000,0.633915000000,0.871530000000),
double3(0.569430000000,0.621065000000,0.875810000000),
double3(0.519262500000,0.512790000000,0.684670000000),
double3(0.875000000000,0.250000000000,0.000000000000),
double3(0.750000000000,0.250000000000,0.000000000000),
double3(0.795030000000,0.258655000000,0.470075000000),
double3(0.811762500000,0.200075000000,0.057955000000),
double3(0.884610000000,0.184385000000,0.042190000000),
double3(0.862650000000,0.046650000000,0.189835000000),
double3(0.945690000000,0.056670000000,0.199710000000),
double3(0.857442500000,0.173495000000,0.066910000000),
double3(0.888610000000,0.132480000000,0.111015000000),
double3(0.863945000000,0.113960000000,0.136905000000),
double3(0.894672500000,0.070495000000,0.180200000000),
double3(0.932420000000,0.116085000000,0.121530000000),
double3(0.819430000000,0.128935000000,0.125810000000),
double3(0.769262500000,0.237210000000,0.434670000000),
double3(0.875000000000,0.000000000000,0.250000000000),
double3(0.750000000000,0.000000000000,0.250000000000),
double3(0.954970000000,0.008655000000,0.279925000000),
double3(0.938237500000,0.450075000000,0.192045000000),
double3(0.865390000000,0.434385000000,0.207810000000),
double3(0.887350000000,0.296650000000,0.060165000000),
double3(0.804310000000,0.306670000000,0.050290000000),
double3(0.892557500000,0.423495000000,0.183090000000),
double3(0.861390000000,0.382480000000,0.138985000000),
double3(0.886055000000,0.363960000000,0.113095000000),
double3(0.855327500000,0.320495000000,0.069800000000),
double3(0.817580000000,0.366085000000,0.128470000000),
double3(0.930570000000,0.378935000000,0.124190000000),
double3(0.980737500000,0.487210000000,0.315330000000),
double3(0.954970000000,0.241345000000,0.029925000000),
double3(0.938237500000,0.299925000000,0.442045000000),
double3(0.865390000000,0.315615000000,0.457810000000),
double3(0.887350000000,0.453350000000,0.310165000000),
double3(0.804310000000,0.443330000000,0.300290000000),
double3(0.892557500000,0.326505000000,0.433090000000),
double3(0.861390000000,0.367520000000,0.388985000000),
double3(0.886055000000,0.386040000000,0.363095000000),
double3(0.855327500000,0.429505000000,0.319800000000),
double3(0.817580000000,0.383915000000,0.378470000000),
double3(0.930570000000,0.371065000000,0.374190000000),
double3(0.980737500000,0.262790000000,0.065330000000),
double3(0.795030000000,0.491345000000,0.220075000000),
double3(0.811762500000,0.049925000000,0.307955000000),
double3(0.884610000000,0.065615000000,0.292190000000),
double3(0.862650000000,0.203350000000,0.439835000000),
double3(0.945690000000,0.193330000000,0.449710000000),
double3(0.857442500000,0.076505000000,0.316910000000),
double3(0.888610000000,0.117520000000,0.361015000000),
double3(0.863945000000,0.136040000000,0.386905000000),
double3(0.894672500000,0.179505000000,0.430200000000),
double3(0.932420000000,0.133915000000,0.371530000000),
double3(0.819430000000,0.121065000000,0.375810000000),
double3(0.769262500000,0.012790000000,0.184670000000),
double3(0.875000000000,0.250000000000,0.500000000000),
double3(0.750000000000,0.250000000000,0.500000000000),
double3(0.795030000000,0.258655000000,0.970075000000),
double3(0.811762500000,0.200075000000,0.557955000000),
double3(0.884610000000,0.184385000000,0.542190000000),
double3(0.862650000000,0.046650000000,0.689835000000),
double3(0.945690000000,0.056670000000,0.699710000000),
double3(0.857442500000,0.173495000000,0.566910000000),
double3(0.888610000000,0.132480000000,0.611015000000),
double3(0.863945000000,0.113960000000,0.636905000000),
double3(0.894672500000,0.070495000000,0.680200000000),
double3(0.932420000000,0.116085000000,0.621530000000),
double3(0.819430000000,0.128935000000,0.625810000000),
double3(0.769262500000,0.237210000000,0.934670000000),
double3(0.875000000000,0.000000000000,0.750000000000),
double3(0.750000000000,0.000000000000,0.750000000000),
double3(0.954970000000,0.008655000000,0.779925000000),
double3(0.938237500000,0.450075000000,0.692045000000),
double3(0.865390000000,0.434385000000,0.707810000000),
double3(0.887350000000,0.296650000000,0.560165000000),
double3(0.804310000000,0.306670000000,0.550290000000),
double3(0.892557500000,0.423495000000,0.683090000000),
double3(0.861390000000,0.382480000000,0.638985000000),
double3(0.886055000000,0.363960000000,0.613095000000),
double3(0.855327500000,0.320495000000,0.569800000000),
double3(0.817580000000,0.366085000000,0.628470000000),
double3(0.930570000000,0.378935000000,0.624190000000),
double3(0.980737500000,0.487210000000,0.815330000000),
double3(0.954970000000,0.241345000000,0.529925000000),
double3(0.938237500000,0.299925000000,0.942045000000),
double3(0.865390000000,0.315615000000,0.957810000000),
double3(0.887350000000,0.453350000000,0.810165000000),
double3(0.804310000000,0.443330000000,0.800290000000),
double3(0.892557500000,0.326505000000,0.933090000000),
double3(0.861390000000,0.367520000000,0.888985000000),
double3(0.886055000000,0.386040000000,0.863095000000),
double3(0.855327500000,0.429505000000,0.819800000000),
double3(0.817580000000,0.383915000000,0.878470000000),
double3(0.930570000000,0.371065000000,0.874190000000),
double3(0.980737500000,0.262790000000,0.565330000000),
double3(0.795030000000,0.491345000000,0.720075000000),
double3(0.811762500000,0.049925000000,0.807955000000),
double3(0.884610000000,0.065615000000,0.792190000000),
double3(0.862650000000,0.203350000000,0.939835000000),
double3(0.945690000000,0.193330000000,0.949710000000),
double3(0.857442500000,0.076505000000,0.816910000000),
double3(0.888610000000,0.117520000000,0.861015000000),
double3(0.863945000000,0.136040000000,0.886905000000),
double3(0.894672500000,0.179505000000,0.930200000000),
double3(0.932420000000,0.133915000000,0.871530000000),
double3(0.819430000000,0.121065000000,0.875810000000),
double3(0.769262500000,0.012790000000,0.684670000000),
double3(0.875000000000,0.750000000000,0.000000000000),
double3(0.750000000000,0.750000000000,0.000000000000),
double3(0.795030000000,0.758655000000,0.470075000000),
double3(0.811762500000,0.700075000000,0.057955000000),
double3(0.884610000000,0.684385000000,0.042190000000),
double3(0.862650000000,0.546650000000,0.189835000000),
double3(0.945690000000,0.556670000000,0.199710000000),
double3(0.857442500000,0.673495000000,0.066910000000),
double3(0.888610000000,0.632480000000,0.111015000000),
double3(0.863945000000,0.613960000000,0.136905000000),
double3(0.894672500000,0.570495000000,0.180200000000),
double3(0.932420000000,0.616085000000,0.121530000000),
double3(0.819430000000,0.628935000000,0.125810000000),
double3(0.769262500000,0.737210000000,0.434670000000),
double3(0.875000000000,0.500000000000,0.250000000000),
double3(0.750000000000,0.500000000000,0.250000000000),
double3(0.954970000000,0.508655000000,0.279925000000),
double3(0.938237500000,0.950075000000,0.192045000000),
double3(0.865390000000,0.934385000000,0.207810000000),
double3(0.887350000000,0.796650000000,0.060165000000),
double3(0.804310000000,0.806670000000,0.050290000000),
double3(0.892557500000,0.923495000000,0.183090000000),
double3(0.861390000000,0.882480000000,0.138985000000),
double3(0.886055000000,0.863960000000,0.113095000000),
double3(0.855327500000,0.820495000000,0.069800000000),
double3(0.817580000000,0.866085000000,0.128470000000),
double3(0.930570000000,0.878935000000,0.124190000000),
double3(0.980737500000,0.987210000000,0.315330000000),
double3(0.954970000000,0.741345000000,0.029925000000),
double3(0.938237500000,0.799925000000,0.442045000000),
double3(0.865390000000,0.815615000000,0.457810000000),
double3(0.887350000000,0.953350000000,0.310165000000),
double3(0.804310000000,0.943330000000,0.300290000000),
double3(0.892557500000,0.826505000000,0.433090000000),
double3(0.861390000000,0.867520000000,0.388985000000),
double3(0.886055000000,0.886040000000,0.363095000000),
double3(0.855327500000,0.929505000000,0.319800000000),
double3(0.817580000000,0.883915000000,0.378470000000),
double3(0.930570000000,0.871065000000,0.374190000000),
double3(0.980737500000,0.762790000000,0.065330000000),
double3(0.795030000000,0.991345000000,0.220075000000),
double3(0.811762500000,0.549925000000,0.307955000000),
double3(0.884610000000,0.565615000000,0.292190000000),
double3(0.862650000000,0.703350000000,0.439835000000),
double3(0.945690000000,0.693330000000,0.449710000000),
double3(0.857442500000,0.576505000000,0.316910000000),
double3(0.888610000000,0.617520000000,0.361015000000),
double3(0.863945000000,0.636040000000,0.386905000000),
double3(0.894672500000,0.679505000000,0.430200000000),
double3(0.932420000000,0.633915000000,0.371530000000),
double3(0.819430000000,0.621065000000,0.375810000000),
double3(0.769262500000,0.512790000000,0.184670000000),
double3(0.875000000000,0.750000000000,0.500000000000),
double3(0.750000000000,0.750000000000,0.500000000000),
double3(0.795030000000,0.758655000000,0.970075000000),
double3(0.811762500000,0.700075000000,0.557955000000),
double3(0.884610000000,0.684385000000,0.542190000000),
double3(0.862650000000,0.546650000000,0.689835000000),
double3(0.945690000000,0.556670000000,0.699710000000),
double3(0.857442500000,0.673495000000,0.566910000000),
double3(0.888610000000,0.632480000000,0.611015000000),
double3(0.863945000000,0.613960000000,0.636905000000),
double3(0.894672500000,0.570495000000,0.680200000000),
double3(0.932420000000,0.616085000000,0.621530000000),
double3(0.819430000000,0.628935000000,0.625810000000),
double3(0.769262500000,0.737210000000,0.934670000000),
double3(0.875000000000,0.500000000000,0.750000000000),
double3(0.750000000000,0.500000000000,0.750000000000),
double3(0.954970000000,0.508655000000,0.779925000000),
double3(0.938237500000,0.950075000000,0.692045000000),
double3(0.865390000000,0.934385000000,0.707810000000),
double3(0.887350000000,0.796650000000,0.560165000000),
double3(0.804310000000,0.806670000000,0.550290000000),
double3(0.892557500000,0.923495000000,0.683090000000),
double3(0.861390000000,0.882480000000,0.638985000000),
double3(0.886055000000,0.863960000000,0.613095000000),
double3(0.855327500000,0.820495000000,0.569800000000),
double3(0.817580000000,0.866085000000,0.628470000000),
double3(0.930570000000,0.878935000000,0.624190000000),
double3(0.980737500000,0.987210000000,0.815330000000),
double3(0.954970000000,0.741345000000,0.529925000000),
double3(0.938237500000,0.799925000000,0.942045000000),
double3(0.865390000000,0.815615000000,0.957810000000),
double3(0.887350000000,0.953350000000,0.810165000000),
double3(0.804310000000,0.943330000000,0.800290000000),
double3(0.892557500000,0.826505000000,0.933090000000),
double3(0.861390000000,0.867520000000,0.888985000000),
double3(0.886055000000,0.886040000000,0.863095000000),
double3(0.855327500000,0.929505000000,0.819800000000),
double3(0.817580000000,0.883915000000,0.878470000000),
double3(0.930570000000,0.871065000000,0.874190000000),
double3(0.980737500000,0.762790000000,0.565330000000),
double3(0.795030000000,0.991345000000,0.720075000000),
double3(0.811762500000,0.549925000000,0.807955000000),
double3(0.884610000000,0.565615000000,0.792190000000),
double3(0.862650000000,0.703350000000,0.939835000000),
double3(0.945690000000,0.693330000000,0.949710000000),
double3(0.857442500000,0.576505000000,0.816910000000),
double3(0.888610000000,0.617520000000,0.861015000000),
double3(0.863945000000,0.636040000000,0.886905000000),
double3(0.894672500000,0.679505000000,0.930200000000),
double3(0.932420000000,0.633915000000,0.871530000000),
double3(0.819430000000,0.621065000000,0.875810000000),
double3(0.769262500000,0.512790000000,0.684670000000),
